1          38         0          38         -392.92    -10.34     1          0         
2          73         0          35         77.45      2.21       1          0         
3          114        0          41         -78.41     -1.91      1          0         
4          260        0          146        228.78     1.57       1          0         
5          380        0          120        424.95     3.54       1          0         
6          558        0          178        -1940.49   -10.90     1          0         
7          594        0          36         161.04     4.47       1          0         
8          630        0          36         -548.25    -15.23     1          0         
9          660        0          30         -218.44    -7.28      1          0         
10         837        0          177        -818.51    -4.62      1          0         
11         1061       0          224        -1759.12   -7.85      1          0         
12         1104       0          43         -719.55    -16.73     1          0         
13         1152       0          48         -370.11    -7.71      1          0         
14         1258       0          106        427.92     4.04       1          0         
15         1493       0          235        -2655.90   -11.30     1          0         
16         1530       0          37         -116.13    -3.14      1          0         
17         1757       0          227        -2367.49   -10.43     1          0         
18         1799       0          42         -153.35    -3.65      1          0         
19         2046       0          247        287.90     1.17       1          0         
20         2086       0          40         85.64      2.14       1          0         
21         2120       0          34         -279.78    -8.23      1          0         
22         2152       0          32         70.87      2.21       1          0         
23         2190       0          38         -89.37     -2.35      1          0         
24         2365       0          175        -1312.21   -7.50      1          0         
25         2615       0          250        -2868.19   -11.47     1          0         
26         2654       0          39         300.25     7.70       1          0         
27         2690       0          36         -401.85    -11.16     1          0         
28         2809       0          119        -535.19    -4.50      1          0         
29         2918       0          109        -479.30    -4.40      1          0         
30         2967       0          49         -467.67    -9.54      1          0         
31         3011       0          44         -341.38    -7.76      1          0         
32         3050       0          39         42.04      1.08       1          0         
33         3247       0          197        -1801.07   -9.14      1          0         
34         3291       0          44         -480.27    -10.92     1          0         
35         3412       0          121        -1213.91   -10.03     1          0         
36         3449       0          37         -420.39    -11.36     1          0         
37         3493       0          44         -497.85    -11.31     1          0         
38         3532       0          39         -368.16    -9.44      1          0         
39         3635       0          103        -169.95    -1.65      1          0         
40         3684       0          49         -914.31    -18.66     1          0         
41         3720       0          36         -618.01    -17.17     1          0         
42         3756       0          36         -502.95    -13.97     1          0         
43         3795       0          39         168.15     4.31       1          0         
44         3836       0          41         -599.70    -14.63     1          0         
45         3945       0          109        542.79     4.98       1          0         
46         3987       0          42         187.71     4.47       1          0         
47         4112       0          125        -571.47    -4.57      1          0         
48         4233       0          121        -1304.10   -10.78     1          0         
49         4274       0          41         -184.38    -4.50      1          0         
50         4400       0          126        -1891.33   -15.01     1          0         
51         4444       0          44         -63.41     -1.44      1          0         
52         4477       0          33         -10.36     -0.31      1          0         
53         4595       0          118        -876.02    -7.42      1          0         
54         4634       0          39         172.71     4.43       1          0         
55         4661       0          27         -34.77     -1.29      1          0         
56         4788       0          127        619.37     4.88       1          0         
57         4898       0          110        -1596.54   -14.51     1          0         
58         4934       0          36         47.91      1.33       1          0         
59         5127       0          193        236.17     1.22       1          0         
60         5250       0          123        -617.78    -5.02      1          0         
61         5289       0          39         -628.50    -16.12     1          0         
62         5400       0          111        -1163.59   -10.48     1          0         
63         5432       0          32         -541.97    -16.94     1          0         
64         5554       0          122        826.38     6.77       1          0         
65         5590       0          36         -526.08    -14.61     1          0         
66         5667       0          77         258.76     3.36       1          0         
67         5857       0          190        -1427.01   -7.51      1          0         
68         6056       0          199        -2423.16   -12.18     1          0         
69         6311       0          255        -3022.38   -11.85     1          0         
70         6345       0          34         -32.30     -0.95      1          0         
71         6383       0          38         153.15     4.03       1          0         
72         6424       0          41         -622.84    -15.19     1          0         
73         6456       0          32         -580.44    -18.14     1          0         
74         6510       0          54         -111.18    -2.06      1          0         
75         6768       0          258        -1893.79   -7.34      1          0         
76         6887       0          119        -1162.37   -9.77      1          0         
77         7005       0          118        -1326.33   -11.24     1          0         
78         7249       0          244        -594.80    -2.44      1          0         
79         7474       0          225        -1874.62   -8.33      1          0         
80         7510       0          36         -601.13    -16.70     1          0         
81         7602       0          92         152.31     1.66       1          0         
82         7642       0          40         -607.94    -15.20     1          0         
83         7678       0          36         -572.61    -15.91     1          0         
84         7924       0          246        -584.30    -2.38      1          0         
85         7967       0          43         -474.09    -11.03     1          0         
86         8195       0          228        -2755.40   -12.09     1          0         
87         8238       0          43         -95.90     -2.23      1          0         
88         8277       0          39         -622.15    -15.95     1          0         
89         8443       0          166        -615.44    -3.71      1          0         
90         8481       0          38         138.88     3.65       1          0         
91         8670       0          189        -647.66    -3.43      1          0         
92         8871       0          201        -1596.99   -7.95      1          0         
93         8907       0          36         202.22     5.62       1          0         
94         8955       0          48         -615.02    -12.81     1          0         
95         9134       0          179        -556.16    -3.11      1          0         
96         9181       0          47         -379.61    -8.08      1          0         
97         9418       0          237        -273.91    -1.16      1          0         
98         9458       0          40         73.82      1.85       1          0         
99         9495       0          37         -236.98    -6.40      1          0         
100        9536       0          41         170.02     4.15       1          0         
101        9565       0          29         -480.94    -16.58     1          0         
102        9599       0          34         201.73     5.93       1          0         
103        9636       0          37         -437.54    -11.83     1          0         
104        9669       0          33         -277.65    -8.41      1          0         
105        9706       0          37         -55.57     -1.50      1          0         
106        9744       0          38         -543.05    -14.29     1          0         
107        9785       0          41         -175.65    -4.28      1          0         
108        9828       0          43         -615.10    -14.30     1          0         
