10000      4497.92    0.45      
20000      34219.18   3.42      
30000      26274.47   2.63      
40000      69460.01   6.95      
50000      104360.96  10.44     
60000      115676.34  11.57     
70000      129318.04  12.93     
80000      126467.26  12.65     
90000      126467.87  12.65     
100000     124810.46  12.48     
110000     126550.54  12.66     
120000     139374.35  13.94     
130000     129900.32  12.99     
140000     135083.76  13.51     
150000     151322.97  15.13     
160000     138341.96  13.83     
170000     137609.31  13.76     
180000     131040.95  13.10     
190000     145048.34  14.50     
200000     142508.28  14.25     
210000     148033.48  14.80     
220000     146120.94  14.61     
230000     148719.45  14.87     
