1          56         0          56         -508.88    -9.09      1          0         
2          85         0          29         -544.78    -18.79     1          0         
3          284        0          199        -1321.64   -6.64      1          0         
4          397        0          113        -803.86    -7.11      1          0         
5          432        0          35         -586.26    -16.75     1          0         
6          462        0          30         -383.35    -12.78     1          0         
7          533        0          71         -194.34    -2.74      1          0         
8          581        0          48         -228.66    -4.76      1          0         
9          687        0          106        -915.77    -8.64      1          0         
10         726        0          39         -549.07    -14.08     1          0         
11         762        0          36         -543.07    -15.09     1          0         
12         798        0          36         -305.84    -8.50      1          0         
13         829        0          31         -416.12    -13.42     1          0         
14         948        0          119        -1430.23   -12.02     1          0         
15         991        0          43         -647.73    -15.06     1          0         
16         1027       0          36         168.75     4.69       1          0         
17         1060       0          33         79.64      2.41       1          0         
18         1107       0          47         -722.97    -15.38     1          0         
19         1145       0          13         -292.05    -22.47     1          0         
20         1262       0          117        -1532.50   -13.10     1          0         
21         1294       0          32         72.31      2.26       1          0         
22         1327       0          33         -102.37    -3.10      1          0         
23         1483       0          156        287.56     1.84       1          0         
24         1526       0          43         -237.78    -5.53      1          0         
25         1557       0          31         -540.43    -17.43     1          0         
26         1663       0          106        677.60     6.39       1          0         
27         1698       0          35         -118.09    -3.37      1          0         
28         1921       0          223        332.17     1.49       1          0         
29         2154       0          233        -840.09    -3.61      1          0         
30         2197       0          43         -494.66    -11.50     1          0         
31         2312       0          115        -1560.10   -13.57     1          0         
32         2467       0          155        -1443.68   -9.31      1          0         
33         2618       0          151        -1307.93   -8.66      1          0         
34         2650       0          32         -88.47     -2.76      1          0         
35         2835       0          185        -1084.53   -5.86      1          0         
36         2940       0          105        -531.79    -5.06      1          0         
37         3183       0          243        -2985.56   -12.29     1          0         
38         3224       0          41         -320.99    -7.83      1          0         
39         3342       0          118        -1060.44   -8.99      1          0         
40         3388       0          46         -321.70    -6.99      1          0         
41         3607       0          219        -2302.42   -10.51     1          0         
42         3763       0          156        -2282.43   -14.63     1          0         
43         3804       0          41         131.69     3.21       1          0         
44         3849       0          45         -540.74    -12.02     1          0         
45         3971       0          122        -650.06    -5.33      1          0         
46         4018       0          47         -776.28    -16.52     1          0         
47         4059       0          41         28.59      0.70       1          0         
48         4096       0          17         -210.49    -12.38     1          0         
49         4138       0          42         -505.69    -12.04     1          0         
50         4314       0          176        -1812.16   -10.30     1          0         
51         4577       0          263        -1158.63   -4.41      1          0         
52         4622       0          45         -542.11    -12.05     1          0         
53         4657       0          35         139.79     3.99       1          0         
54         4693       0          36         -431.88    -12.00     1          0         
55         4733       0          40         90.72      2.27       1          0         
56         4846       0          113        -1319.94   -11.68     1          0         
57         5031       0          185        -2402.53   -12.99     1          0         
58         5246       0          215        -2586.17   -12.03     1          0         
59         5284       0          38         -648.85    -17.08     1          0         
60         5449       0          165        16.15      0.10       1          0         
61         5564       0          115        -244.90    -2.13      1          0         
62         5595       0          31         260.28     8.40       1          0         
63         5632       0          37         -64.04     -1.73      1          0         
64         5677       0          45         -731.84    -16.26     1          0         
65         5929       0          252        -3190.79   -12.66     1          0         
66         5972       0          43         -276.49    -6.43      1          0         
67         6014       0          42         -537.42    -12.80     1          0         
68         6130       0          116        -89.04     -0.77      1          0         
69         6342       0          212        -1522.83   -7.18      1          0         
70         6379       0          37         86.43      2.34       1          0         
71         6425       0          46         -631.33    -13.72     1          0         
72         6461       0          36         249.26     6.92       1          0         
73         6510       0          49         -621.02    -12.67     1          0         
74         6548       0          38         -540.95    -14.24     1          0         
75         6668       0          120        -886.57    -7.39      1          0         
76         6905       0          114        -1612.92   -14.15     1          0         
77         7055       0          150        -1937.45   -12.92     1          0         
78         7172       0          117        -1651.41   -14.11     1          0         
79         7211       0          39         -418.79    -10.74     1          0         
80         7318       0          107        -431.38    -4.03      1          0         
81         7505       0          187        -2514.28   -13.45     1          0         
82         7596       0          91         -683.38    -7.51      1          0         
83         7632       0          36         -609.24    -16.92     1          0         
84         7737       0          105        -1373.98   -13.09     1          0         
85         7779       0          42         169.88     4.04       1          0         
86         7823       0          44         -723.50    -16.44     1          0         
87         8001       0          178        176.34     0.99       1          0         
88         8038       0          9          -101.10    -11.23     1          0         
89         8152       0          114        -449.42    -3.94      1          0         
90         8195       0          43         61.62      1.43       1          0         
91         8238       0          43         -232.07    -5.40      1          0         
92         8279       0          41         -426.02    -10.39     1          0         
93         8320       0          41         37.66      0.92       1          0         
94         8362       0          42         -297.67    -7.09      1          0         
95         8400       0          38         -617.69    -16.26     1          0         
96         8508       0          108        996.86     9.23       1          0         
97         8547       0          39         -14.63     -0.38      1          0         
98         8582       0          35         124.28     3.55       1          0         
99         8618       0          36         -137.48    -3.82      1          0         
100        8657       0          39         162.08     4.16       1          0         
101        8697       0          40         -605.14    -15.13     1          0         
102        8731       0          34         -65.79     -1.93      1          0         
103        8764       0          33         -482.11    -14.61     1          0         
104        8954       0          190        559.23     2.94       1          0         
105        9175       0          221        -3114.45   -14.09     1          0         
106        9313       0          138        758.59     5.50       1          0         
107        9357       0          44         -29.93     -0.68      1          0         
108        9389       0          32         -432.99    -13.53     1          0         
109        9631       0          242        -2450.15   -10.12     1          0         
110        9664       0          33         -544.83    -16.51     1          0         
111        9846       0          182        -1213.32   -6.67      1          0         
112        9885       0          39         134.30     3.44       1          0         
113        9919       0          34         -534.68    -15.73     1          0         
114        9958       0          39         -520.46    -13.35     1          0         
115        9992       0          34         -520.34    -15.30     1          0         
