1          10035      35         43         57.50      1.34       1          0         
2          10188      188        153        1007.41    6.58       1          0         
3          10264      264        76         21.17      0.28       1          0         
4          10474      474        210        1430.59    6.81       1          0         
5          10622      622        148        249.64     1.69       1          0         
6          11114      1114       492        2824.45    5.74       1          0         
7          11387      1387       273        1256.81    4.60       1          0         
8          11630      1630       243        1086.19    4.47       1          0         
9          11706      1706       76         1023.85    13.47      1          0         
10         12080      2080       374        2912.56    7.79       1          0         
11         12185      2185       105        531.77     5.06       1          0         
12         12254      2254       69         -65.54     -0.95      1          0         
13         12468      2468       214        1651.40    7.72       1          0         
14         12799      2799       331        1838.29    5.55       1          0         
15         12972      2972       173        669.31     3.87       1          0         
16         13053      3053       81         999.31     12.34      1          0         
17         13200      3200       147        948.47     6.45       1          0         
18         13422      3422       222        1315.67    5.93       1          0         
19         13476      3476       54         -399.05    -7.39      1          0         
20         13644      3644       168        -412.14    -2.45      1          0         
21         13836      3836       192        1859.80    9.69       1          0         
22         14054      4054       218        973.91     4.47       1          0         
23         14545      4545       491        3555.32    7.24       1          0         
24         14619      4619       74         -717.55    -9.70      1          0         
25         14841      4841       222        942.69     4.25       1          0         
26         15311      5311       470        2185.67    4.65       1          0         
27         15484      5484       173        1547.88    8.95       1          0         
28         15826      5826       342        2010.24    5.88       1          0         
29         15945      5945       119        215.00     1.81       1          0         
30         16084      6084       139        1081.44    7.78       1          0         
31         16276      6276       192        1334.41    6.95       1          0         
32         16562      6562       286        1847.29    6.46       1          0         
33         16622      6622       60         493.36     8.22       1          0         
34         17072      7072       450        2205.17    4.90       1          0         
35         17290      7290       218        1308.16    6.00       1          0         
36         17424      7424       134        757.28     5.65       1          0         
37         17622      7622       198        751.13     3.79       1          0         
38         17649      7649       27         -455.35    -16.86     1          0         
39         17820      7820       171        228.33     1.34       1          0         
40         17907      7907       87         494.98     5.69       1          0         
41         17983      7983       76         1480.35    19.48      1          0         
42         18102      8102       119        659.55     5.54       1          0         
43         18343      8343       241        3142.03    13.04      0          1         
44         18406      8406       63         874.10     13.87      1          0         
45         18433      8433       27         -210.46    -7.79      1          0         
46         18548      8548       115        664.37     5.78       1          0         
47         18611      8611       63         804.85     12.78      1          0         
48         18692      8692       81         -208.17    -2.57      1          0         
49         18845      8845       153        2945.52    19.25      0          1         
50         19301      9301       456        5096.42    11.18      1          0         
51         19332      9332       31         -501.83    -16.19     1          0         
52         19355      9355       23         443.50     19.28      1          0         
53         19509      9509       154        2856.71    18.55      0          1         
54         19547      9547       38         192.14     5.06       1          0         
55         19696      9696       149        2341.85    15.72      1          0         
56         19720      9720       24         -223.45    -9.31      1          0         
57         19743      9743       23         184.95     8.04       1          0         
58         19807      9807       64         -53.03     -0.83      1          0         
59         19923      9923       116        1429.46    12.32      1          0         
60         19947      9947       24         -387.78    -16.16     1          0         
61         20128      10128      181        2960.13    16.35      0          1         
62         20213      10213      85         1250.56    14.71      1          0         
63         20392      10392      179        2966.52    16.57      0          1         
64         20523      10523      131        1789.60    13.66      1          0         
65         20644      10644      121        1219.62    10.08      1          0         
66         20798      10798      154        772.26     5.01       1          0         
67         20821      10821      23         -18.38     -0.80      1          0         
68         20889      10889      68         1348.12    19.83      1          0         
69         20909      10909      20         600.69     30.03      0          1         
70         20962      10962      53         -166.38    -3.14      1          0         
71         20987      10987      25         169.28     6.77       1          0         
72         21013      11013      26         254.05     9.77       1          0         
73         21114      11114      101        -126.84    -1.26      1          0         
74         21139      11139      25         -225.66    -9.03      1          0         
75         21254      11254      115        269.44     2.34       1          0         
76         21278      11278      24         395.42     16.48      1          0         
77         21421      11421      143        1949.53    13.63      1          0         
78         21559      11559      138        2777.11    20.12      0          1         
79         21572      11572      13         -238.53    -18.35     1          0         
80         21594      11594      22         277.57     12.62      1          0         
81         21622      11622      28         -390.26    -13.94     1          0         
82         21891      11891      269        1682.84    6.26       1          0         
83         21960      11960      69         -520.58    -7.54      1          0         
84         21985      11985      25         350.13     14.01      1          0         
85         22010      12010      25         -152.34    -6.09      1          0         
86         22038      12038      28         -436.45    -15.59     1          0         
87         22062      12062      24         -355.85    -14.83     1          0         
88         22188      12188      126        1577.52    12.52      1          0         
89         22472      12472      284        2752.65    9.69       1          0         
90         22494      12494      22         -375.15    -17.05     1          0         
91         22522      12522      28         -463.44    -16.55     1          0         
92         22600      12600      78         145.23     1.86       1          0         
93         22634      12634      34         436.91     12.85      1          0         
94         22674      12674      40         909.28     22.73      1          0         
95         22699      12699      25         275.93     11.04      1          0         
96         22723      12723      24         390.74     16.28      1          0         
97         22745      12745      22         475.34     21.61      1          0         
98         22766      12766      21         -74.49     -3.55      1          0         
99         22795      12795      29         -73.28     -2.53      1          0         
100        23012      13012      217        2392.40    11.02      1          0         
101        23077      13077      65         1170.23    18.00      1          0         
102        23101      13101      24         340.43     14.18      1          0         
103        23286      13286      185        2415.04    13.05      1          0         
104        23358      13358      72         1226.51    17.03      1          0         
105        23433      13433      75         -460.82    -6.14      1          0         
106        23458      13458      25         -385.12    -15.40     1          0         
107        23485      13485      27         74.11      2.74       1          0         
108        23513      13513      28         -161.63    -5.77      1          0         
109        23646      13646      133        1482.75    11.15      1          0         
110        23671      13671      25         -343.89    -13.76     1          0         
111        23697      13697      26         -402.01    -15.46     1          0         
112        23724      13724      27         -454.70    -16.84     1          0         
113        23751      13751      27         320.18     11.86      1          0         
114        23930      13930      179        1664.49    9.30       1          0         
115        23970      13970      40         502.00     12.55      1          0         
116        24110      14110      140        1111.61    7.94       1          0         
117        24233      14233      123        1657.77    13.48      1          0         
118        24261      14261      28         440.63     15.74      1          0         
119        24301      14301      40         680.12     17.00      1          0         
120        24334      14334      33         45.28      1.37       1          0         
121        24361      14361      27         -460.65    -17.06     1          0         
122        24478      14478      117        849.01     7.26       1          0         
123        24647      14647      169        2034.66    12.04      1          0         
124        24668      14668      21         391.62     18.65      1          0         
125        24695      14695      27         115.92     4.29       1          0         
126        24743      14743      48         648.33     13.51      1          0         
127        24887      14887      144        1018.37    7.07       1          0         
128        24928      14928      41         564.54     13.77      1          0         
129        24951      14951      23         -147.31    -6.40      1          0         
130        25026      15026      75         39.88      0.53       1          0         
131        25049      15049      23         -359.26    -15.62     1          0         
132        25167      15167      118        1061.71    9.00       1          0         
133        25195      15195      28         -267.55    -9.56      1          0         
134        25481      15481      286        2010.10    7.03       1          0         
135        25562      15562      81         652.66     8.06       1          0         
136        25656      15656      94         2187.10    23.27      0          1         
137        25930      15930      274        3080.62    11.24      1          0         
138        26084      16084      154        1412.74    9.17       1          0         
139        26248      16248      164        1163.98    7.10       1          0         
140        26274      16274      26         -449.84    -17.30     1          0         
141        26482      16482      208        2921.66    14.05      0          1         
142        26519      16519      37         435.73     11.78      1          0         
143        26547      16547      28         -34.24     -1.22      1          0         
144        26579      16579      32         -408.99    -12.78     1          0         
145        26605      16605      26         -381.90    -14.69     1          0         
146        26883      16883      278        2148.36    7.73       1          0         
147        26912      16912      29         -471.05    -16.24     1          0         
148        27089      17089      177        1933.68    10.92      0          1         
149        27189      17189      100        955.98     9.56       1          0         
150        27358      17358      169        1735.63    10.27      1          0         
151        27388      17388      30         -436.75    -14.56     1          0         
152        27474      17474      86         264.93     3.08       1          0         
153        27498      17498      24         346.06     14.42      1          0         
154        27523      17523      25         -305.79    -12.23     1          0         
155        27553      17553      30         -337.01    -11.23     1          0         
156        27765      17765      212        3246.38    15.31      0          1         
157        27900      17900      135        2440.40    18.08      1          0         
158        27933      17933      33         491.40     14.89      1          0         
159        27960      17960      27         395.57     14.65      1          0         
160        27981      17981      21         30.45      1.45       1          0         
161        28011      18011      30         -506.23    -16.87     1          0         
162        28032      18032      21         -160.62    -7.65      1          0         
163        28073      18073      41         37.49      0.91       1          0         
164        28155      18155      82         881.36     10.75      1          0         
165        28179      18179      24         -41.57     -1.73      1          0         
166        28211      18211      32         -429.49    -13.42     1          0         
167        28288      18288      77         426.36     5.54       1          0         
168        28316      18316      28         -429.84    -15.35     1          0         
169        28348      18348      32         -501.79    -15.68     1          0         
170        28493      18493      145        843.27     5.82       1          0         
171        28562      18562      69         -182.33    -2.64      1          0         
172        28688      18688      126        1377.40    10.93      0          1         
173        28730      18730      42         736.23     17.53      1          0         
174        28758      18758      28         -421.88    -15.07     1          0         
175        28818      18818      60         775.85     12.93      1          0         
176        29087      19087      269        3419.79    12.71      0          1         
177        29169      19169      82         1488.93    18.16      1          0         
178        29191      19191      22         238.20     10.83      1          0         
179        29273      19273      82         -74.63     -0.91      1          0         
180        29582      19582      309        3058.79    9.90       1          0         
181        29675      19675      93         2232.98    24.01      0          1         
182        29761      19761      86         2014.14    23.42      0          1         
183        29857      19857      96         1780.57    18.55      1          0         
184        29888      19888      31         517.75     16.70      1          0         
185        29996      19996      108        609.55     5.64       1          0         
186        30107      20107      111        2388.70    21.52      0          1         
187        30305      20305      198        3779.63    19.09      1          0         
188        30395      20395      90         1964.59    21.83      0          1         
189        30413      20413      18         48.12      2.67       1          0         
190        30442      20442      29         -326.79    -11.27     1          0         
191        30654      20654      212        2814.08    13.27      0          1         
192        30698      20698      44         -352.88    -8.02      1          0         
193        30863      20863      165        3187.96    19.32      0          1         
194        30954      20954      91         676.41     7.43       1          0         
195        30980      20980      26         -9.81      -0.38      1          0         
196        31009      21009      29         19.49      0.67       1          0         
197        31038      21038      29         4.73       0.16       1          0         
198        31106      21106      68         788.65     11.60      1          0         
199        31182      21182      76         1290.91    16.99      1          0         
200        31205      21205      23         -5.65      -0.25      1          0         
201        31227      21227      22         149.10     6.78       1          0         
202        31302      21302      75         -423.57    -5.65      1          0         
203        31474      21474      172        1997.93    11.62      1          0         
204        31829      21829      355        2681.93    7.55       1          0         
205        32301      22301      472        4640.29    9.83       0          1         
206        32502      22502      201        3357.95    16.71      0          1         
207        32555      22555      53         581.03     10.96      1          0         
208        32645      22645      90         876.37     9.74       1          0         
209        32764      22764      119        2223.77    18.69      0          1         
210        32869      22869      105        1699.67    16.19      1          0         
211        32902      22902      33         441.85     13.39      1          0         
212        33008      23008      106        2179.20    20.56      0          1         
213        33030      23030      22         73.86      3.36       1          0         
214        33063      23063      33         -232.75    -7.05      1          0         
215        33134      23134      71         -148.13    -2.09      1          0         
216        33270      23270      136        872.80     6.42       1          0         
217        33391      23391      121        1540.28    12.73      1          0         
218        33473      23473      82         1036.63    12.64      1          0         
219        33551      23551      78         673.35     8.63       1          0         
220        33578      23578      27         -344.00    -12.74     1          0         
221        33648      23648      70         1539.27    21.99      1          0         
222        33914      23914      266        1454.30    5.47       1          0         
223        33944      23944      30         585.41     19.51      1          0         
224        33945      23945      1          120.00     120.00     0          1         
225        33968      23968      23         -374.58    -16.29     1          0         
226        33996      23996      28         -484.80    -17.31     1          0         
227        34025      24025      29         -275.11    -9.49      1          0         
228        34069      24069      44         1020.09    23.18      0          1         
229        34105      24105      36         -230.20    -6.39      1          0         
230        34220      24220      115        1011.32    8.79       1          0         
231        34281      24281      61         1110.18    18.20      1          0         
232        34412      24412      131        755.58     5.77       1          0         
233        34435      24435      23         219.08     9.53       1          0         
234        34465      24465      30         7.99       0.27       1          0         
235        34491      24491      26         -432.13    -16.62     1          0         
236        34518      24518      27         -405.57    -15.02     1          0         
237        34542      24542      24         -160.87    -6.70      1          0         
238        34645      24645      103        2212.52    21.48      0          1         
239        34716      24716      71         821.90     11.58      1          0         
240        34743      24743      27         130.28     4.83       1          0         
241        34863      24863      120        1237.24    10.31      1          0         
242        34973      24973      110        1649.17    14.99      1          0         
243        34999      24999      26         -310.05    -11.93     1          0         
244        35144      25144      145        971.11     6.70       1          0         
245        35169      25169      25         245.92     9.84       1          0         
246        35194      25194      25         431.13     17.25      1          0         
247        35265      25265      71         922.17     12.99      1          0         
248        35372      25372      107        635.07     5.94       1          0         
249        35445      25445      73         -286.72    -3.93      1          0         
250        35565      25565      120        590.62     4.92       1          0         
251        35592      25592      27         -404.35    -14.98     1          0         
252        35694      25694      102        817.16     8.01       1          0         
253        35721      25721      27         28.23      1.05       1          0         
254        35889      25889      168        2229.22    13.27      1          0         
255        35917      25917      28         -396.06    -14.14     1          0         
256        35941      25941      24         -233.60    -9.73      1          0         
257        36024      26024      83         732.31     8.82       1          0         
258        36168      26168      144        943.22     6.55       1          0         
259        36197      26197      29         299.45     10.33      1          0         
260        36286      26286      89         -535.02    -6.01      1          0         
261        36478      26478      192        1861.51    9.70       1          0         
262        36506      26506      28         -334.07    -11.93     1          0         
263        36549      26549      43         284.68     6.62       1          0         
264        36573      26573      24         -302.51    -12.60     1          0         
265        36594      26594      21         -322.10    -15.34     1          0         
266        36619      26619      25         -388.50    -15.54     1          0         
267        36694      26694      75         181.92     2.43       1          0         
268        36721      26721      27         -139.86    -5.18      1          0         
269        36764      26764      43         472.84     11.00      1          0         
270        36793      26793      29         319.59     11.02      1          0         
271        36916      26916      123        582.55     4.74       1          0         
272        37134      27134      218        2539.91    11.65      1          0         
273        37204      27204      70         -565.24    -8.07      1          0         
274        37233      27233      29         354.54     12.23      1          0         
275        37301      27301      68         -339.34    -4.99      1          0         
276        37393      27393      92         1364.84    14.84      1          0         
277        37416      27416      23         -371.50    -16.15     1          0         
278        37462      27462      46         582.70     12.67      1          0         
279        37492      27492      30         -488.86    -16.30     1          0         
280        37514      27514      22         -317.99    -14.45     1          0         
281        37888      27888      374        3105.56    8.30       1          0         
282        37950      27950      62         1195.80    19.29      1          0         
283        37977      27977      27         -114.81    -4.25      1          0         
284        38002      28002      25         -403.01    -16.12     1          0         
285        38154      28154      152        1742.46    11.46      1          0         
286        38183      28183      29         397.67     13.71      1          0         
287        38475      28475      292        2528.41    8.66       1          0         
288        38497      28497      22         -301.14    -13.69     1          0         
289        38676      28676      179        2108.76    11.78      1          0         
290        38703      28703      27         -67.36     -2.49      1          0         
291        38733      28733      30         -474.76    -15.83     1          0         
292        38796      28796      63         990.65     15.72      1          0         
293        39171      29171      375        4006.16    10.68      0          1         
294        39290      29290      119        949.40     7.98       1          0         
295        39321      29321      31         -157.67    -5.09      1          0         
296        39441      29441      120        772.56     6.44       1          0         
297        39682      29682      241        2723.39    11.30      1          0         
298        39861      29861      179        3245.10    18.13      0          1         
299        39873      29873      12         -102.69    -8.56      1          0         
300        39896      29896      23         -406.97    -17.69     1          0         
301        39921      29921      25         -241.74    -9.67      1          0         
302        40162      30162      241        2306.04    9.57       1          0         
303        40193      30193      31         56.38      1.82       1          0         
304        40304      30304      111        1778.65    16.02      1          0         
305        40341      30341      37         -551.78    -14.91     1          0         
306        40371      30371      30         467.67     15.59      1          0         
307        40483      30483      112        1491.28    13.31      1          0         
308        40560      30560      77         -151.83    -1.97      1          0         
309        40584      30584      24         374.90     15.62      1          0         
310        40607      30607      23         -326.57    -14.20     1          0         
311        40635      30635      28         -322.03    -11.50     1          0         
312        40720      30720      85         958.76     11.28      1          0         
313        40745      30745      25         -127.61    -5.10      1          0         
314        40850      30850      105        1355.88    12.91      1          0         
315        40879      30879      29         -463.25    -15.97     1          0         
316        40972      30972      93         1337.58    14.38      1          0         
317        41071      31071      99         824.65     8.33       1          0         
318        41194      31194      123        2219.37    18.04      0          1         
319        41288      31288      94         1506.78    16.03      1          0         
320        41348      31348      60         547.62     9.13       1          0         
321        41372      31372      24         -401.28    -16.72     1          0         
322        41394      31394      22         -270.37    -12.29     1          0         
323        41416      31416      22         -157.52    -7.16      1          0         
324        41443      31443      27         -142.43    -5.28      1          0         
325        41465      31465      22         -383.64    -17.44     1          0         
326        41485      31485      20         -2.40      -0.12      1          0         
327        41508      31508      23         -10.76     -0.47      1          0         
328        41610      31610      102        2345.65    23.00      0          1         
329        41625      31625      15         -106.18    -7.08      1          0         
330        41773      31773      148        1030.36    6.96       1          0         
331        41796      31796      23         248.91     10.82      1          0         
332        41831      31831      35         -21.39     -0.61      1          0         
333        41854      31854      23         268.52     11.67      1          0         
334        41974      31974      120        1736.83    14.47      1          0         
335        41999      31999      25         -419.79    -16.79     1          0         
336        42017      32017      18         573.09     31.84      0          1         
337        42067      32067      50         263.13     5.26       1          0         
338        42146      32146      79         550.61     6.97       1          0         
339        42296      32296      150        2966.07    19.77      0          1         
340        42307      32307      11         -246.35    -22.40     1          0         
341        42412      32412      105        818.62     7.80       1          0         
342        42734      32734      322        2330.25    7.24       0          1         
343        42893      32893      159        2898.38    18.23      0          1         
344        43176      33176      283        3669.59    12.97      1          0         
345        43464      33464      288        2597.43    9.02       1          0         
346        43491      33491      27         -434.68    -16.10     1          0         
347        43579      33579      88         247.74     2.82       1          0         
348        43753      33753      174        2019.18    11.60      1          0         
349        43997      33997      244        2207.81    9.05       1          0         
350        44022      34022      25         -179.00    -7.16      1          0         
351        44200      34200      178        1944.29    10.92      1          0         
352        44284      34284      84         2208.83    26.30      0          1         
353        44481      34481      197        3511.94    17.83      1          0         
354        44509      34509      28         -289.14    -10.33     1          0         
355        44649      34649      140        1431.69    10.23      1          0         
356        44804      34804      155        477.71     3.08       1          0         
357        45304      35304      500        2516.26    5.03       0          0         
358        45467      35467      163        1718.60    10.54      1          0         
359        45685      35685      218        2523.82    11.58      1          0         
360        45916      35916      231        2188.32    9.47       1          0         
361        45939      35939      23         -404.01    -17.57     1          0         
362        45995      35995      56         198.42     3.54       1          0         
363        46206      36206      211        654.60     3.10       1          0         
364        46706      36706      500        4056.29    8.11       0          0         
365        46790      36790      84         -740.02    -8.81      1          0         
366        46814      36814      24         -239.27    -9.97      1          0         
367        46838      36838      24         -355.94    -14.83     1          0         
368        46861      36861      23         428.19     18.62      1          0         
369        46954      36954      93         2266.09    24.37      0          1         
370        47197      37197      243        3773.51    15.53      1          0         
371        47221      37221      24         -371.82    -15.49     1          0         
372        47301      37301      80         -231.35    -2.89      1          0         
373        47322      37322      21         -138.04    -6.57      1          0         
374        47348      37348      26         -181.99    -7.00      1          0         
375        47454      37454      106        658.10     6.21       1          0         
376        47477      37477      23         -364.85    -15.86     1          0         
377        47585      37585      108        -234.82    -2.17      1          0         
378        47722      37722      137        2918.31    21.30      1          0         
379        47745      37745      23         36.99      1.61       1          0         
380        48093      38093      348        4506.32    12.95      0          1         
381        48146      38146      53         1009.36    19.04      0          1         
382        48365      38365      219        2614.34    11.94      1          0         
383        48389      38389      24         83.93      3.50       1          0         
384        48546      38546      157        1282.75    8.17       1          0         
385        48568      38568      22         -342.34    -15.56     1          0         
386        48678      38678      110        -544.33    -4.95      1          0         
387        48729      38729      51         -201.87    -3.96      1          0         
388        48751      38751      22         -289.73    -13.17     1          0         
389        48783      38783      32         650.05     20.31      1          0         
390        48951      38951      168        777.57     4.63       1          0         
391        48975      38975      24         -285.34    -11.89     1          0         
392        49001      39001      26         386.80     14.88      1          0         
393        49030      39030      29         185.25     6.39       1          0         
394        49054      39054      24         -349.22    -14.55     1          0         
395        49074      39074      20         569.85     28.49      0          1         
396        49451      39451      377        4261.95    11.30      1          0         
397        49571      39571      120        -105.12    -0.88      1          0         
398        49594      39594      23         188.45     8.19       1          0         
399        50062      40062      468        3199.98    6.84       1          0         
400        50277      40277      215        2453.76    11.41      1          0         
401        50593      40593      316        2533.91    8.02       1          0         
402        50736      40736      143        2338.01    16.35      0          1         
403        50894      40894      158        2730.79    17.28      1          0         
404        50922      40922      28         348.49     12.45      1          0         
405        51042      41042      120        -141.63    -1.18      1          0         
406        51183      41183      141        196.29     1.39       1          0         
407        51338      41338      155        -2082.52   -13.44     1          0         
408        51360      41360      22         -360.61    -16.39     1          0         
409        51393      41393      33         37.72      1.14       1          0         
410        51468      41468      75         1836.03    24.48      0          1         
411        51469      41469      1          -100.00    -100.00    1          0         
412        51615      41615      146        87.11      0.60       1          0         
413        51644      41644      29         -3.97      -0.14      1          0         
414        51668      41668      24         -134.79    -5.62      1          0         
415        51990      41990      322        2345.64    7.28       1          0         
416        52107      42107      117        859.21     7.34       1          0         
417        52133      42133      26         -369.64    -14.22     1          0         
418        52163      42163      30         416.50     13.88      1          0         
419        52272      42272      109        -400.47    -3.67      1          0         
420        52463      42463      191        2680.17    14.03      0          1         
421        52657      42657      194        1752.39    9.03       1          0         
422        52773      42773      116        634.44     5.47       1          0         
423        52798      42798      25         -241.57    -9.66      1          0         
424        52821      42821      23         -27.22     -1.18      1          0         
425        52844      42844      23         -176.79    -7.69      1          0         
426        52922      42922      78         940.40     12.06      1          0         
427        52957      42957      35         500.83     14.31      1          0         
428        52979      42979      22         -391.46    -17.79     1          0         
429        53115      43115      136        -440.30    -3.24      1          0         
430        53139      43139      24         -349.86    -14.58     1          0         
431        53161      43161      22         558.74     25.40      0          1         
432        53282      43282      121        -1099.20   -9.08      1          0         
433        53491      43491      209        2229.58    10.67      1          0         
434        53508      43508      17         524.44     30.85      0          1         
435        53636      43636      128        2717.18    21.23      0          1         
436        53658      43658      22         -303.09    -13.78     1          0         
437        53683      43683      25         299.07     11.96      1          0         
438        53797      43797      114        -485.18    -4.26      1          0         
439        53928      43928      131        1701.81    12.99      1          0         
440        54160      44160      232        2657.68    11.46      0          1         
441        54320      44320      160        1011.47    6.32       1          0         
442        54461      44461      141        -203.83    -1.45      1          0         
443        54775      44775      314        237.03     0.75       1          0         
444        54923      44923      148        125.41     0.85       1          0         
445        54947      44947      24         -400.98    -16.71     1          0         
446        54977      44977      30         -286.49    -9.55      1          0         
447        55046      45046      69         1709.05    24.77      0          1         
448        55059      45059      13         -266.73    -20.52     1          0         
449        55079      45079      20         -340.22    -17.01     1          0         
450        55503      45503      424        3011.62    7.10       1          0         
451        55620      45620      117        515.98     4.41       1          0         
452        55861      45861      241        2192.27    9.10       0          1         
453        55875      45875      14         63.69      4.55       1          0         
454        56155      46155      280        2366.20    8.45       0          1         
455        56351      46351      196        2418.80    12.34      0          1         
456        56703      46703      352        -362.37    -1.03      1          0         
457        56724      46724      21         401.27     19.11      1          0         
458        56749      46749      25         57.32      2.29       1          0         
459        56854      46854      105        107.25     1.02       1          0         
460        56877      46877      23         -212.33    -9.23      1          0         
461        56907      46907      30         -62.53     -2.08      1          0         
462        56984      46984      77         419.24     5.44       1          0         
463        57120      47120      136        -48.63     -0.36      1          0         
464        57388      47388      268        1859.54    6.94       1          0         
465        57491      47491      103        -1397.94   -13.57     1          0         
466        57518      47518      27         324.01     12.00      1          0         
467        57542      47542      24         -296.65    -12.36     1          0         
468        57576      47576      34         814.84     23.97      0          1         
469        57611      47611      35         846.91     24.20      0          1         
470        57774      47774      163        1519.44    9.32       1          0         
471        58139      48139      365        2265.28    6.21       1          0         
472        58222      48222      83         1916.30    23.09      0          1         
473        58393      48393      171        2704.92    15.82      1          0         
474        58524      48524      131        154.03     1.18       1          0         
475        58768      48768      244        1279.28    5.24       1          0         
476        58937      48937      169        2632.89    15.58      0          1         
477        59107      49107      170        1378.03    8.11       1          0         
478        59179      49179      72         -414.67    -5.76      1          0         
479        59679      49679      500        2910.14    5.82       0          0         
480        59710      49710      31         589.27     19.01      1          0         
481        59733      49733      23         -72.52     -3.15      1          0         
482        59887      49887      154        2715.81    17.64      1          0         
483        60036      50036      149        5.71       0.04       1          0         
484        60080      50080      44         1193.33    27.12      0          1         
485        60110      50110      30         -318.31    -10.61     1          0         
486        60212      50212      102        -803.36    -7.88      1          0         
487        60240      50240      28         174.37     6.23       1          0         
488        60314      50314      74         -967.21    -13.07     1          0         
489        60389      50389      75         -951.15    -12.68     1          0         
490        60469      50469      80         2217.03    27.71      0          1         
491        60491      50491      22         -148.33    -6.74      1          0         
492        60583      50583      92         553.12     6.01       1          0         
493        60606      50606      23         -246.65    -10.72     1          0         
494        60785      50785      179        937.12     5.24       1          0         
495        60967      50967      182        2636.87    14.49      1          0         
496        61004      51004      37         588.94     15.92      1          0         
497        61126      51126      122        -103.57    -0.85      1          0         
498        61191      51191      65         1542.07    23.72      1          0         
499        61218      51218      27         478.17     17.71      1          0         
500        61388      51388      170        1250.62    7.36       1          0         
501        61701      51701      313        1646.28    5.26       1          0         
502        61728      51728      27         178.97     6.63       1          0         
503        61831      51831      103        963.70     9.36       1          0         
504        61907      51907      76         1689.17    22.23      0          1         
505        61912      51912      5          254.17     50.83      0          1         
506        62100      52100      188        2640.98    14.05      1          0         
507        62395      52395      295        3760.92    12.75      1          0         
508        62507      52507      112        2226.42    19.88      0          1         
509        63007      53007      500        3063.11    6.13       0          0         
510        63034      53034      27         601.29     22.27      0          1         
511        63037      53037      3          -140.07    -46.69     1          0         
512        63537      53537      500        3842.37    7.68       0          0         
513        63968      53968      431        3290.96    7.64       1          0         
514        63991      53991      23         349.56     15.20      1          0         
515        64189      54189      198        2354.12    11.89      1          0         
516        64510      54510      321        2221.63    6.92       1          0         
517        64722      54722      212        2560.33    12.08      0          1         
518        64733      54733      11         28.07      2.55       1          0         
519        64799      54799      66         56.43      0.85       1          0         
520        64867      54867      68         -827.37    -12.17     1          0         
521        64977      54977      110        779.44     7.09       1          0         
522        65073      55073      96         116.61     1.21       1          0         
523        65142      55142      69         218.33     3.16       1          0         
524        65642      55642      500        3556.46    7.11       0          0         
525        65731      55731      89         2420.89    27.20      0          1         
526        66052      56052      321        4616.07    14.38      1          0         
527        66251      56251      199        2730.99    13.72      0          1         
528        66313      56313      62         633.89     10.22      1          0         
529        66344      56344      31         -345.25    -11.14     1          0         
530        66469      56469      125        3171.05    25.37      0          1         
531        66482      56482      13         -169.05    -13.00     1          0         
532        66544      56544      62         -76.66     -1.24      1          0         
533        67044      57044      500        2369.40    4.74       0          0         
534        67544      57544      500        3601.06    7.20       0          0         
535        67613      57613      69         -711.44    -10.31     1          0         
536        67781      57781      168        369.39     2.20       1          0         
537        67944      57944      163        3167.59    19.43      0          1         
538        68020      58020      76         189.97     2.50       1          0         
539        68346      58346      326        2694.38    8.26       1          0         
540        68415      58415      69         -128.69    -1.87      1          0         
541        68584      58584      169        415.40     2.46       1          0         
542        68598      58598      14         344.91     24.64      0          1         
543        68694      58694      96         709.71     7.39       1          0         
544        68835      58835      141        829.20     5.88       1          0         
545        69051      59051      216        2425.92    11.23      1          0         
546        69157      59157      106        -145.08    -1.37      1          0         
547        69553      59553      396        4332.70    10.94      0          1         
548        69892      59892      339        3382.61    9.98       1          0         
549        70079      60079      187        2284.63    12.22      1          0         
550        70579      60579      500        4295.60    8.59       0          0         
551        70741      60741      162        3282.43    20.26      0          1         
552        70969      60969      228        4636.29    20.33      0          1         
553        71080      61080      111        1240.77    11.18      1          0         
554        71194      61194      114        174.21     1.53       1          0         
555        71460      61460      266        2000.33    7.52       1          0         
556        71483      61483      23         6.62       0.29       1          0         
557        71515      61515      32         888.27     27.76      0          1         
558        72015      62015      500        5097.69    10.20      0          0         
559        72111      62111      96         765.73     7.98       1          0         
560        72174      62174      63         42.14      0.67       1          0         
561        72674      62674      500        4174.62    8.35       0          0         
562        72984      62984      310        2369.30    7.64       1          0         
563        73068      63068      84         1841.59    21.92      0          1         
564        73568      63568      500        5596.87    11.19      0          0         
565        74068      64068      500        4348.29    8.70       0          0         
566        74134      64134      66         602.10     9.12       1          0         
567        74634      64634      500        4117.48    8.23       0          0         
568        74754      64754      120        2266.30    18.89      0          1         
569        74955      64955      201        4577.36    22.77      0          1         
570        75205      65205      250        2177.09    8.71       0          1         
571        75312      65312      107        1943.88    18.17      1          0         
572        75463      65463      151        2222.25    14.72      1          0         
573        75625      65625      162        1025.72    6.33       1          0         
574        76125      66125      500        4363.69    8.73       0          0         
575        76625      66625      500        4850.33    9.70       0          0         
576        76659      66659      34         434.34     12.77      1          0         
577        77151      67151      492        5080.97    10.33      0          1         
578        77361      67361      210        3781.24    18.01      1          0         
579        77663      67663      302        2195.01    7.27       1          0         
580        77730      67730      67         363.10     5.42       1          0         
581        77859      67859      129        1542.11    11.95      1          0         
582        78048      68048      189        3167.92    16.76      0          1         
583        78548      68548      500        5386.83    10.77      0          0         
584        78636      68636      88         2515.84    28.59      0          1         
585        79136      69136      500        4175.64    8.35       0          0         
586        79636      69636      500        4948.60    9.90       0          0         
587        80136      70136      500        4446.73    8.89       0          0         
588        80290      70290      154        3217.67    20.89      0          1         
589        80691      70691      401        5368.07    13.39      1          0         
590        81017      71017      326        3819.48    11.72      0          1         
591        81261      71261      244        3800.07    15.57      1          0         
592        81600      71600      339        1784.71    5.26       1          0         
593        81736      71736      136        963.44     7.08       1          0         
594        82001      72001      265        2834.86    10.70      0          1         
595        82501      72501      500        4506.69    9.01       0          0         
596        83001      73001      500        2971.59    5.94       0          0         
597        83025      73025      24         3.51       0.15       1          0         
598        83236      73236      211        2601.30    12.33      0          1         
599        83379      73379      143        2298.10    16.07      0          1         
600        83657      73657      278        3075.55    11.06      0          1         
601        83703      73703      46         -253.80    -5.52      1          0         
602        83886      73886      183        3070.72    16.78      0          1         
603        84256      74256      370        3485.50    9.42       1          0         
604        84436      74436      180        1364.56    7.58       1          0         
605        84936      74936      500        4164.09    8.33       0          0         
606        85099      75099      163        3093.00    18.98      0          1         
607        85188      75188      89         1614.49    18.14      0          1         
608        85248      75248      60         1112.01    18.53      0          1         
609        85496      75496      248        4889.39    19.72      1          0         
610        85592      75592      96         2635.73    27.46      0          1         
611        85993      75993      401        5388.02    13.44      0          1         
612        86179      76179      186        2730.78    14.68      1          0         
613        86198      76198      19         551.04     29.00      0          1         
614        86417      76417      219        3469.65    15.84      1          0         
615        86917      76917      500        4711.16    9.42       0          0         
616        87185      77185      268        2635.34    9.83       0          1         
617        87396      77396      211        2664.06    12.63      0          1         
618        87438      77438      42         698.35     16.63      1          0         
619        87938      77938      500        3882.62    7.77       0          0         
620        88224      78224      286        2597.33    9.08       0          1         
621        88296      78296      72         1379.77    19.16      1          0         
622        88390      78390      94         2495.32    26.55      0          1         
623        88401      78401      11         -234.74    -21.34     1          0         
624        88901      78901      500        3486.66    6.97       0          0         
625        89033      79033      132        3264.17    24.73      0          1         
626        89044      79044      11         -218.49    -19.86     1          0         
627        89261      79261      217        3388.79    15.62      0          1         
628        89366      79366      105        2351.65    22.40      1          0         
629        89578      79578      212        3460.85    16.32      0          1         
630        89591      79591      13         -51.97     -4.00      1          0         
631        90091      80091      500        4263.49    8.53       0          0         
632        90336      80336      245        3835.52    15.66      0          1         
633        90401      80401      65         1802.13    27.73      0          1         
634        90617      80617      216        4959.30    22.96      0          1         
635        91117      81117      500        5417.96    10.84      0          0         
636        91136      81136      19         549.43     28.92      0          1         
637        91228      81228      92         1510.63    16.42      0          1         
638        91259      81259      31         846.23     27.30      0          1         
639        91716      81716      457        4046.72    8.85       1          0         
640        92216      82216      500        4648.24    9.30       0          0         
641        92716      82716      500        3988.38    7.98       0          0         
642        92861      82861      145        2260.36    15.59      0          1         
643        93050      83050      189        4161.54    22.02      0          1         
644        93060      83060      10         -196.77    -19.68     1          0         
645        93184      83184      124        238.98     1.93       1          0         
646        93684      83684      500        5752.07    11.50      0          0         
647        93848      83848      164        3051.37    18.61      0          1         
648        93940      83940      92         1883.20    20.47      0          1         
649        94440      84440      500        4105.63    8.21       0          0         
650        94940      84940      500        4173.97    8.35       0          0         
651        95375      85375      435        4371.37    10.05      0          1         
652        95452      85452      77         2073.92    26.93      0          1         
653        95695      85695      243        2868.80    11.81      1          0         
654        95794      85794      99         2750.68    27.78      0          1         
655        96294      86294      500        5603.39    11.21      0          0         
656        96794      86794      500        3334.56    6.67       0          0         
657        96937      86937      143        2499.86    17.48      0          1         
658        97437      87437      500        5656.61    11.31      0          0         
659        97595      87595      158        3079.09    19.49      0          1         
660        97752      87752      157        4368.57    27.83      0          1         
661        97786      87786      34         -105.71    -3.11      1          0         
662        97864      87864      78         2523.82    32.36      0          1         
663        98364      88364      500        6556.36    13.11      0          0         
664        98485      88485      121        3192.20    26.38      0          1         
665        98504      88504      19         -326.34    -17.18     1          0         
666        98951      88951      447        4405.99    9.86       0          1         
667        99451      89451      500        4356.19    8.71       0          0         
668        99602      89602      151        3121.87    20.67      0          1         
669        99663      89663      61         1797.95    29.47      0          1         
670        100144     90144      481        5598.07    11.64      0          1         
671        100310     90310      166        2172.61    13.09      0          1         
672        100315     90315      5          -94.80     -18.96     1          0         
673        100815     90815      500        5481.00    10.96      0          0         
674        100967     90967      152        2648.44    17.42      0          1         
675        101467     91467      500        5234.24    10.47      0          0         
676        101693     91693      226        3366.95    14.90      0          1         
677        101803     91803      110        1341.46    12.20      0          1         
678        101995     91995      192        4159.03    21.66      1          0         
679        102495     92495      500        5758.19    11.52      0          0         
680        102671     92671      176        2590.56    14.72      0          1         
681        102827     92827      156        2385.99    15.29      0          1         
682        103282     93282      455        5370.31    11.80      1          0         
683        103782     93782      500        4287.10    8.57       0          0         
684        103922     93922      140        2569.89    18.36      0          1         
685        104064     94064      142        2064.67    14.54      1          0         
686        104087     94087      23         644.68     28.03      0          1         
687        104268     94268      181        2175.55    12.02      0          1         
688        104450     94450      182        1613.58    8.87       1          0         
689        104678     94678      228        2590.75    11.36      0          1         
690        104875     94875      197        3626.09    18.41      0          1         
691        104961     94961      86         1131.51    13.16      0          1         
692        105028     95028      67         916.54     13.68      1          0         
693        105528     95528      500        3942.68    7.89       0          0         
694        105658     95658      130        3364.61    25.88      0          1         
695        105861     95861      203        2845.66    14.02      0          1         
696        106361     96361      500        5778.93    11.56      0          0         
697        106861     96861      500        5982.65    11.97      0          0         
698        107099     97099      238        3396.45    14.27      0          1         
699        107309     97309      210        4153.33    19.78      1          0         
700        107486     97486      177        2126.15    12.01      0          1         
701        107714     97714      228        2348.03    10.30      1          0         
702        107858     97858      144        2229.17    15.48      1          0         
703        108096     98096      238        3531.54    14.84      0          1         
704        108262     98262      166        2232.64    13.45      0          1         
705        108762     98762      500        5580.44    11.16      0          0         
706        108851     98851      89         2084.44    23.42      0          1         
707        109201     99201      350        5287.85    15.11      0          1         
708        109416     99416      215        3905.74    18.17      1          0         
709        109609     99609      193        3011.46    15.60      0          1         
710        109686     99686      77         2216.31    28.78      0          1         
711        109943     99943      257        3549.07    13.81      0          1         
712        110443     100443     500        4974.09    9.95       0          0         
713        110546     100546     103        2471.88    24.00      0          1         
714        110693     100693     147        3015.73    20.52      0          1         
715        111018     101018     325        3562.62    10.96      0          1         
716        111260     101260     242        4174.36    17.25      0          1         
717        111550     101550     290        6031.90    20.80      0          1         
718        111684     101684     134        2485.91    18.55      0          1         
719        112184     102184     500        5146.64    10.29      0          0         
720        112391     102391     207        2920.51    14.11      0          1         
721        112505     102505     114        514.01     4.51       1          0         
722        112600     102600     95         2304.63    24.26      0          1         
723        112715     102715     115        1950.55    16.96      1          0         
724        112879     102879     164        2755.95    16.80      0          1         
725        113379     103379     500        4398.35    8.80       0          0         
726        113482     103482     103        1855.58    18.02      1          0         
727        113982     103982     500        4679.60    9.36       0          0         
728        114095     104095     113        2382.77    21.09      1          0         
729        114571     104571     476        5711.39    12.00      0          1         
730        114775     104775     204        2465.30    12.08      1          0         
731        114817     104817     42         1014.32    24.15      0          1         
732        115317     105317     500        4566.12    9.13       0          0         
733        115817     105817     500        3762.30    7.52       0          0         
734        116222     106222     405        5961.58    14.72      0          1         
735        116643     106643     421        6993.48    16.61      0          1         
736        116704     106704     61         553.15     9.07       1          0         
737        116918     106918     214        3081.51    14.40      0          1         
738        117123     107123     205        4597.48    22.43      0          1         
739        117144     107144     21         -119.30    -5.68      1          0         
740        117254     107254     110        2656.57    24.15      0          1         
741        117417     107417     163        4111.12    25.22      0          1         
742        117621     107621     204        5009.22    24.56      0          1         
743        117793     107793     172        4618.19    26.85      0          1         
744        117936     107936     143        4257.58    29.77      0          1         
745        118034     108034     98         2318.93    23.66      0          1         
746        118197     108197     163        2000.52    12.27      0          1         
747        118463     108463     266        2956.08    11.11      0          1         
748        118623     108623     160        1662.00    10.39      0          1         
749        118927     108927     304        3707.13    12.19      1          0         
750        119158     109158     231        2919.71    12.64      0          1         
751        119391     109391     233        4521.27    19.40      0          1         
752        119668     109668     277        6029.28    21.77      0          1         
753        119732     109732     64         1678.28    26.22      0          1         
754        120232     110232     500        4951.20    9.90       0          0         
755        120664     110664     432        5476.90    12.68      0          1         
756        120801     110801     137        3111.19    22.71      0          1         
757        120966     110966     165        3273.05    19.84      0          1         
758        121466     111466     500        5744.02    11.49      0          0         
759        121632     111632     166        2815.20    16.96      0          1         
760        122132     112132     500        5910.90    11.82      0          0         
761        122258     112258     126        2691.38    21.36      0          1         
762        122579     112579     321        5047.05    15.72      0          1         
763        123079     113079     500        4615.84    9.23       0          0         
764        123303     113303     224        3501.11    15.63      1          0         
765        123326     113326     23         472.61     20.55      1          0         
766        123646     113646     320        4753.68    14.86      0          1         
767        123775     113775     129        3550.81    27.53      0          1         
768        124191     114191     416        5804.16    13.95      0          1         
769        124691     114691     500        4332.62    8.67       0          0         
770        125181     115181     490        4949.49    10.10      1          0         
771        125548     115548     367        4368.81    11.90      0          1         
772        125706     115706     158        4337.56    27.45      0          1         
773        126206     116206     500        5053.42    10.11      0          0         
774        126659     116659     453        5259.31    11.61      1          0         
775        127159     117159     500        5200.90    10.40      0          0         
776        127249     117249     90         2287.42    25.42      0          1         
777        127356     117356     107        2069.96    19.35      0          1         
778        127693     117693     337        5947.10    17.65      0          1         
779        128193     118193     500        3411.02    6.82       0          0         
780        128249     118249     56         1760.01    31.43      0          1         
781        128291     118291     42         -63.84     -1.52      1          0         
782        128383     118383     92         2707.76    29.43      0          1         
783        128883     118883     500        6027.08    12.05      0          0         
784        129023     119023     140        3008.65    21.49      1          0         
785        129199     119199     176        2970.84    16.88      0          1         
786        129372     119372     173        4240.27    24.51      0          1         
787        129872     119872     500        4724.86    9.45       0          0         
788        129892     119892     20         317.27     15.86      1          0         
789        129915     119915     23         781.74     33.99      0          1         
790        130278     120278     363        4458.19    12.28      0          1         
791        130451     120451     173        4136.34    23.91      0          1         
792        130951     120951     500        7631.44    15.26      0          0         
793        131187     121187     236        3793.46    16.07      0          1         
794        131200     121200     13         130.29     10.02      1          0         
795        131644     121644     444        6044.72    13.61      0          1         
796        132144     122144     500        4244.72    8.49       0          0         
797        132435     122435     291        3360.68    11.55      0          1         
798        132618     122618     183        2943.50    16.08      0          1         
799        133118     123118     500        4063.93    8.13       0          0         
800        133406     123406     288        4154.45    14.43      0          1         
801        133583     123583     177        4296.23    24.27      0          1         
802        133603     123603     20         304.42     15.22      1          0         
803        133739     123739     136        1396.23    10.27      1          0         
804        134239     124239     500        4185.76    8.37       0          0         
805        134555     124555     316        4851.98    15.35      0          1         
806        134647     124647     92         269.41     2.93       1          0         
807        135147     125147     500        5721.25    11.44      0          0         
808        135242     125242     95         2466.03    25.96      0          1         
809        135742     125742     500        5374.30    10.75      0          0         
810        135869     125869     127        2471.68    19.46      0          1         
811        136369     126369     500        6801.04    13.60      0          0         
812        136485     126485     116        2958.43    25.50      0          1         
813        136623     126623     138        3234.50    23.44      0          1         
814        136856     126856     233        4790.67    20.56      1          0         
815        137356     127356     500        5278.77    10.56      0          0         
816        137376     127376     20         494.31     24.72      1          0         
817        137727     127727     351        5304.55    15.11      0          1         
818        138227     128227     500        5902.56    11.81      0          0         
819        138514     128514     287        4331.20    15.09      0          1         
820        139014     129014     500        4550.80    9.10       0          0         
821        139514     129514     500        5789.95    11.58      0          0         
822        140014     130014     500        4956.90    9.91       0          0         
823        140335     130335     321        4489.51    13.99      0          1         
824        140598     130598     263        4324.90    16.44      0          1         
825        140635     130635     37         601.01     16.24      1          0         
826        140711     130711     76         1927.38    25.36      0          1         
827        140852     130852     141        2627.72    18.64      0          1         
828        141352     131352     500        5546.57    11.09      0          0         
829        141852     131852     500        5621.59    11.24      0          0         
830        142303     132303     451        6255.38    13.87      0          1         
831        142803     132803     500        6611.95    13.22      0          0         
832        142860     132860     57         1864.80    32.72      0          1         
833        142934     132934     74         -241.11    -3.26      1          0         
834        143423     133423     489        6153.52    12.58      1          0         
835        143923     133923     500        6676.73    13.35      0          0         
836        144084     134084     161        1820.30    11.31      1          0         
837        144112     134112     28         451.65     16.13      1          0         
838        144182     134182     70         951.44     13.59      0          1         
839        144682     134682     500        6239.14    12.48      0          0         
840        144724     134724     42         1409.75    33.57      0          1         
841        144975     134975     251        1233.79    4.92       1          0         
842        145124     135124     149        2085.72    14.00      0          1         
843        145147     135147     23         777.51     33.80      0          1         
844        145202     135202     55         845.43     15.37      0          1         
845        145702     135702     500        5283.21    10.57      0          0         
846        145732     135732     30         423.54     14.12      1          0         
847        145860     135860     128        2381.43    18.60      1          0         
848        146171     136171     311        5045.62    16.22      0          1         
849        146671     136671     500        6662.10    13.32      0          0         
850        147171     137171     500        5032.22    10.06      0          0         
851        147671     137671     500        4243.46    8.49       0          0         
852        148171     138171     500        5198.56    10.40      0          0         
853        148274     138274     103        2767.26    26.87      0          1         
854        148457     138457     183        2511.06    13.72      0          1         
855        148626     138626     169        3312.97    19.60      0          1         
856        149126     139126     500        5519.66    11.04      0          0         
857        149480     139480     354        5095.33    14.39      0          1         
858        149481     139481     1          120.00     120.00     0          1         
859        149612     139612     131        3512.76    26.81      1          0         
860        149906     139906     294        4663.97    15.86      0          1         
861        150130     140130     224        4442.21    19.83      0          1         
862        150630     140630     500        7999.48    16.00      0          0         
863        150807     140807     177        2003.87    11.32      0          1         
864        150964     140964     157        2409.13    15.34      0          1         
865        151158     141158     194        3191.00    16.45      0          1         
866        151306     141306     148        2090.19    14.12      0          1         
867        151456     141456     150        2141.63    14.28      0          1         
868        151601     141601     145        3836.61    26.46      0          1         
869        151811     141811     210        3052.42    14.54      0          1         
870        152311     142311     500        6794.31    13.59      0          0         
871        152333     142333     22         145.38     6.61       1          0         
872        152833     142833     500        4707.87    9.42       0          0         
873        152972     142972     139        2927.10    21.06      0          1         
874        153184     143184     212        5024.29    23.70      0          1         
875        153378     143378     194        4701.28    24.23      0          1         
876        153410     143410     32         960.83     30.03      0          1         
877        153639     143639     229        4575.36    19.98      0          1         
878        153710     143710     71         1784.77    25.14      0          1         
879        153839     143839     129        3132.60    24.28      0          1         
880        154041     144041     202        2309.99    11.44      0          1         
881        154091     144091     50         425.29     8.51       1          0         
882        154499     144499     408        1891.51    4.64       1          0         
883        154606     144606     107        2643.05    24.70      0          1         
884        154725     144725     119        3943.06    33.13      0          1         
885        154853     144853     128        2834.71    22.15      1          0         
886        155038     145038     185        2856.18    15.44      0          1         
887        155251     145251     213        4113.12    19.31      0          1         
888        155440     145440     189        4149.10    21.95      0          1         
889        155594     145594     154        3421.63    22.22      1          0         
890        155645     145645     51         334.02     6.55       1          0         
891        155822     145822     177        2896.16    16.36      1          0         
892        155894     145894     72         1984.90    27.57      0          1         
893        155956     145956     62         1314.62    21.20      0          1         
894        156023     146023     67         931.41     13.90      0          1         
895        156083     146083     60         2076.17    34.60      0          1         
896        156194     146194     111        2639.34    23.78      0          1         
897        156313     146313     119        2724.81    22.90      0          1         
898        156501     146501     188        4994.75    26.57      0          1         
899        156606     146606     105        2938.31    27.98      0          1         
900        156779     146779     173        3638.01    21.03      0          1         
901        156916     146916     137        4115.91    30.04      0          1         
902        157001     147001     85         2811.29    33.07      0          1         
903        157501     147501     500        5725.51    11.45      0          0         
904        158001     148001     500        5389.10    10.78      0          0         
905        158067     148067     66         -316.78    -4.80      1          0         
906        158209     148209     142        2584.88    18.20      0          1         
907        158391     148391     182        2507.45    13.78      0          1         
908        158575     148575     184        4846.07    26.34      0          1         
909        158733     148733     158        2417.46    15.30      0          1         
910        158870     148870     137        2600.18    18.98      0          1         
911        159214     149214     344        1325.34    3.85       0          1         
912        159249     149249     35         860.83     24.60      0          1         
913        159749     149749     500        5548.36    11.10      0          0         
914        160237     150237     488        5928.62    12.15      0          1         
915        160371     150371     134        1744.56    13.02      0          1         
916        160523     150523     152        3559.06    23.41      0          1         
917        160954     150954     431        3414.79    7.92       0          1         
918        161170     151170     216        3988.30    18.46      0          1         
919        161282     151282     112        2188.25    19.54      1          0         
920        161394     151394     112        3202.51    28.59      0          1         
921        161531     151531     137        3731.21    27.24      0          1         
922        161686     151686     155        3315.62    21.39      0          1         
923        161860     151860     174        4359.51    25.05      0          1         
924        162039     152039     179        4280.91    23.92      0          1         
925        162155     152155     116        2257.74    19.46      0          1         
926        162241     152241     86         2586.04    30.07      0          1         
927        162357     152357     116        2899.19    24.99      1          0         
928        162857     152857     500        5486.96    10.97      0          0         
929        162980     152980     123        2849.29    23.16      0          1         
930        163092     153092     112        3629.43    32.41      0          1         
931        163327     153327     235        4100.78    17.45      0          1         
932        163412     153412     85         2497.17    29.38      0          1         
933        163524     153524     112        3364.77    30.04      0          1         
934        163660     153660     136        3458.89    25.43      0          1         
935        164160     154160     500        5334.90    10.67      0          0         
936        164234     154234     74         -170.55    -2.30      1          0         
937        164734     154734     500        5445.44    10.89      0          0         
938        164824     154824     90         2559.29    28.44      0          1         
939        165324     155324     500        6965.93    13.93      0          0         
940        165478     155478     154        3047.86    19.79      0          1         
941        165593     155593     115        3828.51    33.29      0          1         
942        165637     155637     44         1595.05    36.25      0          1         
943        166137     156137     500        6484.67    12.97      0          0         
944        166637     156637     500        5598.66    11.20      0          0         
945        166702     156702     65         1104.37    16.99      0          1         
946        167202     157202     500        5374.32    10.75      0          0         
947        167702     157702     500        5580.42    11.16      0          0         
948        167840     157840     138        3747.19    27.15      0          1         
949        167907     157907     67         1137.36    16.98      0          1         
950        168107     158107     200        2802.04    14.01      0          1         
951        168299     158299     192        5679.64    29.58      0          1         
952        168325     158325     26         880.90     33.88      0          1         
