1          38         0          38         229.28     6.03       1          0         
2          74         0          36         -306.22    -8.51      1          0         
3          114        0          40         205.78     5.14       1          0         
4          259        0          145        -1256.42   -8.66      1          0         
5          458        0          199        -747.81    -3.76      1          0         
6          495        0          37         -627.81    -16.97     1          0         
7          538        0          43         -623.53    -14.50     1          0         
8          588        0          50         -248.68    -4.97      1          0         
9          626        0          38         -419.29    -11.03     1          0         
10         657        0          31         193.36     6.24       1          0         
11         839        0          182        322.53     1.77       1          0         
12         1039       0          200        -2254.13   -11.27     1          0         
13         1075       0          36         81.62      2.27       1          0         
14         1112       0          37         139.66     3.77       1          0         
15         1153       0          41         -404.62    -9.87      1          0         
16         1265       0          112        -1121.55   -10.01     1          0         
17         1302       0          37         33.74      0.91       1          0         
18         1423       0          121        -630.04    -5.21      1          0         
19         1458       0          35         204.99     5.86       1          0         
20         1675       0          217        -2241.46   -10.33     1          0         
21         1784       0          109        -1478.38   -13.56     1          0         
22         1823       0          39         -14.25     -0.37      1          0         
23         1872       0          49         -677.49    -13.83     1          0         
24         1908       0          36         103.93     2.89       1          0         
25         2034       0          126        147.68     1.17       1          0         
26         2207       0          173        -57.16     -0.33      1          0         
27         2378       0          171        -1872.77   -10.95     1          0         
28         2665       0          287        -347.93    -1.21      1          0         
29         2862       0          197        -2208.72   -11.21     1          0         
30         2978       0          116        -1425.18   -12.29     1          0         
31         3021       0          43         -633.52    -14.73     1          0         
32         3057       0          36         -447.59    -12.43     1          0         
33         3098       0          41         -378.60    -9.23      1          0         
34         3136       0          38         -172.96    -4.55      1          0         
35         3172       0          36         75.68      2.10       1          0         
36         3209       0          37         175.95     4.76       1          0         
37         3244       0          35         -355.70    -10.16     1          0         
38         3281       0          37         -104.21    -2.82      1          0         
39         3321       0          40         -94.19     -2.35      1          0         
40         3358       0          37         -448.45    -12.12     1          0         
41         3471       0          113        898.94     7.96       1          0         
42         3589       0          118        -1260.80   -10.68     1          0         
43         3620       0          31         -331.38    -10.69     1          0         
44         3657       0          37         -592.49    -16.01     1          0         
45         3695       0          38         -629.15    -16.56     1          0         
46         3728       0          33         -453.60    -13.75     1          0         
47         3767       0          39         -179.85    -4.61      1          0         
48         3903       0          136        -734.88    -5.40      1          0         
49         3948       0          45         -638.21    -14.18     1          0         
50         4191       0          243        789.21     3.25       1          0         
51         4227       0          36         -541.45    -15.04     1          0         
52         4273       0          46         -626.81    -13.63     1          0         
53         4311       0          38         -202.36    -5.33      1          0         
54         4343       0          32         -177.06    -5.53      1          0         
55         4378       0          35         184.63     5.28       1          0         
56         4414       0          36         66.33      1.84       1          0         
57         4458       0          44         127.77     2.90       1          0         
58         4570       0          112        -1368.06   -12.21     1          0         
59         4616       0          46         -21.21     -0.46      1          0         
60         4671       0          55         -700.22    -12.73     1          0         
61         4719       0          48         -171.52    -3.57      1          0         
62         4844       0          125        -397.81    -3.18      1          0         
63         4873       0          29         -82.49     -2.84      1          0         
64         4910       0          37         36.41      0.98       1          0         
65         4944       0          34         -154.80    -4.55      1          0         
66         5135       0          191        -2028.06   -10.62     1          0         
67         5265       0          130        -1320.66   -10.16     1          0         
68         5450       0          185        -699.11    -3.78      1          0         
69         5549       0          99         -1370.34   -13.84     1          0         
70         5736       0          187        -1685.05   -9.01      1          0         
71         5778       0          42         -9.39      -0.22      1          0         
72         5809       0          31         -543.61    -17.54     1          0         
73         6143       0          334        -2215.07   -6.63      1          0         
74         6177       0          34         -440.65    -12.96     1          0         
75         6221       0          44         -180.77    -4.11      1          0         
76         6339       0          118        -1439.61   -12.20     1          0         
77         6611       0          272        1063.15    3.91       1          0         
78         6646       0          35         -499.95    -14.28     1          0         
79         6679       0          33         -214.36    -6.50      1          0         
80         6801       0          122        -1499.49   -12.29     1          0         
81         6836       0          35         -543.95    -15.54     1          0         
82         6873       0          37         133.25     3.60       1          0         
83         6997       0          124        563.66     4.55       1          0         
84         7191       0          194        -2364.20   -12.19     1          0         
85         7226       0          35         -487.83    -13.94     1          0         
86         7265       0          39         -135.38    -3.47      1          0         
87         7374       0          109        -981.59    -9.01      1          0         
88         7411       0          37         -541.84    -14.64     1          0         
89         7445       0          34         -254.82    -7.49      1          0         
90         7484       0          39         63.87      1.64       1          0         
91         7518       0          34         189.89     5.59       1          0         
92         7677       0          159        -1945.57   -12.24     1          0         
93         7714       0          37         -92.78     -2.51      1          0         
94         7759       0          45         -641.29    -14.25     1          0         
95         7796       0          37         31.97      0.86       1          0         
96         8033       0          237        -1775.17   -7.49      1          0         
97         8063       0          30         137.68     4.59       1          0         
98         8103       0          40         -350.54    -8.76      1          0         
99         8142       0          39         230.06     5.90       1          0         
100        8186       0          44         99.57      2.26       1          0         
101        8216       0          30         165.23     5.51       1          0         
102        8258       0          42         36.60      0.87       1          0         
103        8452       0          194        -706.97    -3.64      1          0         
104        8488       0          36         -591.30    -16.42     1          0         
105        8523       0          35         88.82      2.54       1          0         
106        8740       0          217        -1181.20   -5.44      1          0         
107        8783       0          43         -663.27    -15.42     1          0         
108        8822       0          39         52.96      1.36       1          0         
109        8863       0          41         -419.03    -10.22     1          0         
110        8897       0          34         96.15      2.83       1          0         
111        8973       0          76         -272.19    -3.58      1          0         
112        9011       0          37         -140.99    -3.81      1          0         
113        9053       0          42         -462.30    -11.01     1          0         
114        9216       0          163        -2289.28   -14.04     1          0         
115        9344       0          128        -604.74    -4.72      1          0         
116        9381       0          37         -36.49     -0.99      1          0         
117        9425       0          44         -283.35    -6.44      1          0         
118        9462       0          37         -307.33    -8.31      1          0         
119        9582       0          120        -507.70    -4.23      1          0         
120        9619       0          37         -541.51    -14.64     1          0         
121        9651       0          32         -55.35     -1.73      1          0         
122        9684       0          33         -5.99      -0.18      1          0         
123        9722       0          38         193.93     5.10       1          0         
124        9759       0          37         227.82     6.16       1          0         
125        9803       0          44         -441.04    -10.02     1          0         
126        9836       0          33         -479.32    -14.52     1          0         
127        9863       0          27         -411.70    -15.25     1          0         
128        9898       0          35         -329.04    -9.40      1          0         
129        9936       0          38         -383.03    -10.08     1          0         
