10000      -45013.94  -4.50     
20000      19295.01   1.93      
30000      27292.41   2.73      
40000      24079.31   2.41      
50000      9264.56    0.93      
60000      2430.76    0.24      
70000      7867.90    0.79      
80000      15743.27   1.57      
90000      5984.27    0.60      
100000     25422.38   2.54      
110000     10332.70   1.03      
120000     43465.47   4.35      
130000     36399.74   3.64      
140000     64897.54   6.49      
150000     71393.21   7.14      
160000     97323.95   9.73      
170000     91411.92   9.14      
180000     104186.72  10.42     
190000     98982.71   9.90      
200000     91580.94   9.16      
