10000      21917.43   2.19      
20000      56522.66   5.65      
30000      42767.18   4.28      
40000      32898.34   3.29      
50000      34200.94   3.42      
60000      34513.41   3.45      
70000      53829.27   5.38      
80000      17952.07   1.80      
90000      39236.58   3.92      
100000     39309.41   3.93      
110000     58680.22   5.87      
120000     37526.83   3.75      
130000     61726.23   6.17      
140000     91184.40   9.12      
150000     93644.87   9.36      
160000     115117.98  11.51     
170000     132981.87  13.30     
180000     123094.41  12.31     
190000     78511.51   7.85      
200000     122191.37  12.22     
210000     110862.10  11.09     
220000     112333.68  11.23     
230000     130448.91  13.04     
240000     97433.85   9.74      
250000     152308.60  15.23     
