1          38         0          38         -105.15    -2.77      1          0         
2          74         0          36         -245.50    -6.82      1          0         
3          113        0          39         -498.88    -12.79     1          0         
4          152        0          39         125.00     3.21       1          0         
5          377        0          225        -1035.68   -4.60      1          0         
6          439        0          62         -543.83    -8.77      1          0         
7          469        0          30         -158.90    -5.30      1          0         
8          519        0          50         -241.38    -4.83      1          0         
9          561        0          42         -151.27    -3.60      1          0         
10         599        0          31         -323.68    -10.44     1          0         
11         700        0          101        -1239.56   -12.27     1          0         
12         735        0          35         -557.39    -15.93     1          0         
13         794        0          59         227.70     3.86       1          0         
14         824        0          30         218.38     7.28       1          0         
15         1026       0          202        -1907.07   -9.44      1          0         
16         1239       0          213        -2436.63   -11.44     1          0         
17         1271       0          32         -453.81    -14.18     1          0         
18         1310       0          39         -20.22     -0.52      1          0         
19         1339       0          29         -128.88    -4.44      1          0         
20         1461       0          122        -463.03    -3.80      1          0         
21         1500       0          38         -494.92    -13.02     1          0         
22         1657       0          157        521.17     3.32       1          0         
23         1692       0          35         -491.92    -14.05     1          0         
24         1731       0          39         -318.64    -8.17      1          0         
25         1840       0          109        -1226.54   -11.25     1          0         
26         1980       0          140        -1419.55   -10.14     1          0         
27         2231       0          251        92.52      0.37       1          0         
28         2268       0          37         -627.89    -16.97     1          0         
29         2304       0          36         92.26      2.56       1          0         
30         2436       0          132        -974.24    -7.38      1          0         
31         2481       0          45         -435.15    -9.67      1          0         
32         2626       0          145        -1047.66   -7.23      1          0         
33         2658       0          32         -606.96    -18.97     1          0         
34         2766       0          108        -620.64    -5.75      1          0         
35         2799       0          33         -329.13    -9.97      1          0         
36         2834       0          35         -129.80    -3.71      1          0         
37         2939       0          105        -1366.17   -13.01     1          0         
38         3140       0          201        -2066.68   -10.28     1          0         
39         3177       0          37         -349.04    -9.43      1          0         
40         3215       0          38         165.94     4.37       1          0         
41         3247       0          32         -371.50    -11.61     1          0         
42         3287       0          40         -604.01    -15.10     1          0         
43         3389       0          102        -1306.77   -12.81     1          0         
44         3501       0          112        872.54     7.79       1          0         
45         3622       0          121        739.87     6.11       1          0         
46         3655       0          33         -477.87    -14.48     1          0         
47         3708       0          53         -774.00    -14.60     1          0         
48         3945       0          237        -1208.64   -5.10      1          0         
49         3993       0          48         114.07     2.38       1          0         
50         4026       0          33         -589.18    -17.85     1          0         
51         4066       0          40         168.99     4.22       1          0         
52         4109       0          43         -668.17    -15.54     1          0         
53         4319       0          210        -604.71    -2.88      1          0         
54         4412       0          93         -738.10    -7.94      1          0         
55         4452       0          40         -270.16    -6.75      1          0         
56         4661       0          209        -2355.73   -11.27     1          0         
57         4788       0          127        -638.94    -5.03      1          0         
58         4897       0          109        -1603.21   -14.71     1          0         
59         4935       0          38         -552.66    -14.54     1          0         
60         4966       0          31         -87.48     -2.82      1          0         
61         5009       0          43         78.71      1.83       1          0         
62         5049       0          40         -483.71    -12.09     1          0         
63         5272       0          223        -2717.07   -12.18     1          0         
64         5505       0          233        -1869.86   -8.03      1          0         
65         5607       0          102        -860.30    -8.43      1          0         
66         5648       0          41         290.60     7.09       1          0         
67         5760       0          112        -1107.54   -9.89      1          0         
68         5802       0          42         -612.25    -14.58     1          0         
69         5842       0          40         -24.94     -0.62      1          0         
70         5878       0          36         -252.64    -7.02      1          0         
71         6104       0          226        -2878.24   -12.74     1          0         
72         6138       0          34         -483.78    -14.23     1          0         
73         6177       0          39         187.72     4.81       1          0         
74         6220       0          43         76.04      1.77       1          0         
75         6263       0          43         202.18     4.70       1          0         
76         6373       0          110        -517.72    -4.71      1          0         
77         6415       0          42         -653.14    -15.55     1          0         
78         6451       0          36         -565.68    -15.71     1          0         
79         6504       0          53         17.97      0.34       1          0         
80         6544       0          40         -151.37    -3.78      1          0         
81         6610       0          66         -823.53    -12.48     1          0         
82         6645       0          35         -204.96    -5.86      1          0         
83         6683       0          38         -253.24    -6.66      1          0         
84         6906       0          22         -389.88    -17.72     1          0         
85         7051       0          145        -1622.40   -11.19     1          0         
86         7093       0          42         34.31      0.82       1          0         
87         7135       0          42         -76.99     -1.83      1          0         
88         7178       0          43         51.76      1.20       1          0         
89         7295       0          117        650.46     5.56       1          0         
90         7336       0          41         -616.59    -15.04     1          0         
91         7387       0          51         -842.87    -16.53     1          0         
92         7425       0          38         -78.80     -2.07      1          0         
93         7464       0          39         -629.78    -16.15     1          0         
94         7503       0          39         -427.77    -10.97     1          0         
95         7678       0          175        582.41     3.33       1          0         
96         7883       0          205        -2593.67   -12.65     1          0         
97         7999       0          116        -1018.89   -8.78      1          0         
98         8045       0          46         -34.59     -0.75      1          0         
99         8359       0          314        -1553.46   -4.95      1          0         
100        8398       0          39         -498.35    -12.78     1          0         
101        8506       0          108        -1541.53   -14.27     1          0         
102        8553       0          47         203.56     4.33       1          0         
103        8792       0          102        -581.37    -5.70      1          0         
104        8827       0          35         -105.13    -3.00      1          0         
105        8869       0          42         -684.29    -16.29     1          0         
106        8906       0          37         -4.22      -0.11      1          0         
107        8956       0          50         130.67     2.61       1          0         
108        8993       0          37         -293.35    -7.93      1          0         
109        9032       0          39         -465.21    -11.93     1          0         
110        9302       0          270        164.19     0.61       1          0         
111        9351       0          49         -370.28    -7.56      1          0         
112        9384       0          33         -201.72    -6.11      1          0         
113        9431       0          47         -634.02    -13.49     1          0         
114        9550       0          119        1001.23    8.41       1          0         
115        9586       0          36         -583.57    -16.21     1          0         
116        9623       0          37         -116.63    -3.15      1          0         
117        9655       0          32         -278.17    -8.69      1          0         
118        9686       0          31         -586.45    -18.92     1          0         
119        9804       0          118        -590.96    -5.01      1          0         
120        9836       0          32         -211.90    -6.62      1          0         
121        9864       0          28         -334.13    -11.93     1          0         
122        9902       0          38         127.58     3.36       1          0         
123        9940       0          38         -30.65     -0.81      1          0         
