10000      -23697.80  -2.37     
20000      36934.16   3.69      
30000      36271.92   3.63      
40000      11466.33   1.15      
50000      14996.74   1.50      
60000      18983.49   1.90      
70000      7955.88    0.80      
80000      -2959.82   -0.30     
90000      426.08     0.04      
100000     7610.12    0.76      
110000     848.73     0.08      
120000     20087.45   2.01      
130000     18229.14   1.82      
140000     50343.91   5.03      
150000     72048.45   7.20      
160000     42077.78   4.21      
170000     58634.68   5.86      
180000     56281.50   5.63      
190000     51911.95   5.19      
200000     36786.54   3.68      
