1          10059      59         231        -2726.95   -11.80     1          0         
2          10559      559        500        -566.23    -1.13      0          0         
3          10700      700        141        -98.68     -0.70      1          0         
4          10797      797        97         -129.35    -1.33      1          0         
5          10912      912        115        -177.33    -1.54      1          0         
6          10978      978        66         -414.53    -6.28      1          0         
7          11088      1088       110        -619.42    -5.63      1          0         
8          11220      1220       132        -35.47     -0.27      1          0         
9          11530      1530       310        -83.39     -0.27      1          0         
10         11627      1627       97         -524.54    -5.41      1          0         
11         11804      1804       177        -396.32    -2.24      1          0         
12         11872      1872       68         -1321.72   -19.44     1          0         
13         11894      1894       22         -294.53    -13.39     1          0         
14         11919      1919       25         199.34     7.97       1          0         
15         11945      1945       26         -461.33    -17.74     1          0         
16         11970      1970       25         -82.56     -3.30      1          0         
17         11993      1993       23         -300.04    -13.05     1          0         
18         12015      2015       22         -90.56     -4.12      1          0         
19         12037      2037       22         -483.27    -21.97     1          0         
20         12060      2060       23         156.88     6.82       1          0         
21         12080      2080       20         -502.90    -25.14     1          0         
22         12104      2104       24         -279.22    -11.63     1          0         
23         12125      2125       21         198.97     9.47       1          0         
24         12153      2153       28         -528.80    -18.89     1          0         
25         12177      2177       24         -458.34    -19.10     1          0         
26         12292      2292       115        -60.44     -0.53      1          0         
27         12315      2315       23         -255.04    -11.09     1          0         
28         12334      2334       19         251.02     13.21      1          0         
29         12476      2476       142        -1488.22   -10.48     1          0         
30         12496      2496       20         -327.70    -16.38     1          0         
31         12524      2524       28         -133.18    -4.76      1          0         
32         12548      2548       24         -103.40    -4.31      1          0         
33         12570      2570       22         138.71     6.30       1          0         
34         12592      2592       22         -503.99    -22.91     1          0         
35         12613      2613       21         193.11     9.20       1          0         
36         12637      2637       24         -211.50    -8.81      1          0         
37         12704      2704       67         1091.69    16.29      1          0         
38         12727      2727       23         -255.47    -11.11     1          0         
39         12748      2748       21         3.36       0.16       1          0         
40         12994      2994       246        -1364.51   -5.55      1          0         
41         13026      3026       32         24.19      0.76       1          0         
42         13056      3056       30         -583.61    -19.45     1          0         
43         13076      3076       20         149.05     7.45       1          0         
44         13097      3097       21         100.52     4.79       1          0         
45         13121      3121       24         174.73     7.28       1          0         
46         13234      3234       113        -1032.00   -9.13      1          0         
47         13257      3257       23         -436.86    -18.99     1          0         
48         13280      3280       23         -460.64    -20.03     1          0         
49         13303      3303       23         -315.06    -13.70     1          0         
50         13329      3329       26         -143.19    -5.51      1          0         
51         13393      3393       64         716.23     11.19      1          0         
52         13415      3415       22         149.82     6.81       1          0         
53         13435      3435       20         -390.25    -19.51     1          0         
54         13460      3460       25         88.63      3.55       1          0         
55         13483      3483       23         -35.30     -1.53      1          0         
56         13509      3509       26         267.75     10.30      1          0         
57         13532      3532       23         -388.18    -16.88     1          0         
58         13552      3552       20         -208.28    -10.41     1          0         
59         13576      3576       24         95.44      3.98       1          0         
60         13645      3645       69         525.90     7.62       1          0         
61         13666      3666       21         -471.18    -22.44     1          0         
62         13690      3690       24         -495.84    -20.66     1          0         
63         13712      3712       22         22.04      1.00       1          0         
64         13735      3735       23         -449.27    -19.53     1          0         
65         13824      3824       89         -272.43    -3.06      1          0         
66         13851      3851       27         -513.58    -19.02     1          0         
67         13873      3873       22         -325.27    -14.78     1          0         
68         13898      3898       25         -405.27    -16.21     1          0         
69         13922      3922       24         -363.19    -15.13     1          0         
70         14131      4131       209        -191.06    -0.91      1          0         
71         14151      4151       20         -493.00    -24.65     1          0         
72         14212      4212       61         -674.62    -11.06     1          0         
73         14236      4236       24         -312.29    -13.01     1          0         
74         14262      4262       26         -544.88    -20.96     1          0         
75         14285      4285       23         -324.87    -14.12     1          0         
76         14337      4337       52         -14.01     -0.27      1          0         
77         14409      4409       72         -377.64    -5.24      1          0         
78         14438      4438       29         289.64     9.99       1          0         
79         14466      4466       28         180.52     6.45       1          0         
80         14489      4489       23         -506.80    -22.03     1          0         
81         14510      4510       21         -54.92     -2.62      1          0         
82         14530      4530       20         299.59     14.98      1          0         
83         14553      4553       23         300.81     13.08      1          0         
84         14576      4576       23         -376.53    -16.37     1          0         
85         14603      4603       27         188.67     6.99       1          0         
86         14626      4626       23         -226.07    -9.83      1          0         
87         14701      4701       75         378.18     5.04       1          0         
88         14833      4833       132        -2298.92   -17.42     1          0         
89         14910      4910       77         -1110.54   -14.42     1          0         
90         15057      5057       147        -2468.42   -16.79     1          0         
91         15221      5221       164        -1514.72   -9.24      1          0         
92         15247      5247       26         -34.91     -1.34      1          0         
93         15269      5269       22         -364.86    -16.58     1          0         
94         15293      5293       24         -513.83    -21.41     1          0         
95         15321      5321       28         -244.07    -8.72      1          0         
96         15346      5346       25         191.03     7.64       1          0         
97         15383      5383       37         -689.14    -18.63     1          0         
98         15414      5414       31         -591.52    -19.08     1          0         
99         15436      5436       22         235.76     10.72      1          0         
100        15464      5464       28         -398.33    -14.23     1          0         
101        15498      5498       34         61.90      1.82       1          0         
102        15519      5519       21         122.91     5.85       1          0         
103        15626      5626       107        789.44     7.38       1          0         
104        15687      5687       61         -587.59    -9.63      1          0         
105        15913      5913       226        73.35      0.32       1          0         
106        16336      6336       423        -744.91    -1.76      1          0         
107        16368      6368       32         -101.63    -3.18      1          0         
108        16424      6424       56         -264.48    -4.72      1          0         
109        16659      6659       235        719.94     3.06       1          0         
110        16804      6804       145        928.17     6.40       1          0         
111        16854      6854       50         -309.12    -6.18      1          0         
112        16876      6876       22         257.97     11.73      1          0         
113        16994      6994       118        -724.39    -6.14      1          0         
114        17154      7154       160        493.41     3.08       1          0         
115        17207      7207       53         -189.73    -3.58      1          0         
116        17363      7363       156        204.57     1.31       1          0         
117        17690      7690       327        -715.63    -2.19      1          0         
118        17711      7711       21         302.86     14.42      1          0         
119        17784      7784       73         -662.09    -9.07      1          0         
120        17932      7932       148        890.21     6.01       1          0         
121        18183      8183       251        879.78     3.51       1          0         
122        18188      8188       5          183.36     36.67      0          1         
123        18206      8206       18         71.50      3.97       1          0         
124        18242      8242       36         81.10      2.25       1          0         
125        18742      8742       500        -144.76    -0.29      0          0         
126        18888      8888       146        -440.20    -3.02      1          0         
127        19388      9388       500        236.52     0.47       0          0         
128        19709      9709       321        955.23     2.98       1          0         
129        19859      9859       150        1654.38    11.03      0          1         
130        19906      9906       47         377.34     8.03       1          0         
131        19929      9929       23         92.71      4.03       1          0         
132        20429      10429      500        1460.82    2.92       0          0         
133        20929      10929      500        -384.05    -0.77      0          0         
134        21008      11008      79         -256.13    -3.24      1          0         
135        21041      11041      33         357.69     10.84      1          0         
136        21067      11067      26         244.48     9.40       1          0         
137        21092      11092      25         218.97     8.76       1          0         
138        21123      11123      31         165.59     5.34       1          0         
139        21152      11152      29         195.92     6.76       1          0         
140        21652      11652      500        218.44     0.44       0          0         
141        21679      11679      27         290.22     10.75      1          0         
142        21758      11758      79         81.63      1.03       1          0         
143        21782      11782      24         180.07     7.50       1          0         
144        21876      11876      94         603.31     6.42       1          0         
145        21906      11906      30         261.12     8.70       1          0         
146        22117      12117      211        2011.45    9.53       0          1         
147        22617      12617      500        3737.67    7.48       0          0         
148        22986      12986      369        197.55     0.54       1          0         
149        23304      13304      318        513.79     1.62       1          0         
150        23467      13467      163        138.48     0.85       1          0         
151        23967      13967      500        -4.11      -0.01      0          0         
152        24467      14467      500        1317.43    2.63       0          0         
153        24714      14714      247        482.07     1.95       1          0         
154        24791      14791      77         905.04     11.75      1          0         
155        25008      15008      217        1637.03    7.54       0          1         
156        25508      15508      500        -883.15    -1.77      0          0         
157        25515      15515      7          183.17     26.17      0          1         
158        25931      15931      416        -422.53    -1.02      1          0         
159        26431      16431      500        267.90     0.54       0          0         
160        26617      16617      186        2248.19    12.09      0          1         
161        26667      16667      50         462.17     9.24       1          0         
162        26692      16692      25         269.43     10.78      1          0         
163        26793      16793      101        1489.91    14.75      0          1         
164        27045      17045      252        2414.42    9.58       1          0         
165        27116      17116      71         1509.37    21.26      0          1         
166        27245      17245      129        1278.78    9.91       0          1         
167        27444      17444      199        2472.24    12.42      0          1         
168        27501      17501      57         386.63     6.78       1          0         
169        27537      17537      36         220.94     6.14       1          0         
170        27568      17568      31         227.39     7.34       1          0         
171        27693      17693      125        474.58     3.80       1          0         
172        27740      17740      47         504.31     10.73      0          1         
173        27770      17770      30         383.48     12.78      1          0         
174        27915      17915      145        540.17     3.73       1          0         
175        27936      17936      21         220.33     10.49      1          0         
176        28088      18088      152        1903.07    12.52      0          1         
177        28311      18311      223        1770.85    7.94       1          0         
178        28430      18430      119        153.79     1.29       1          0         
179        28506      18506      76         264.80     3.48       1          0         
180        29006      19006      500        1027.38    2.05       0          0         
181        29027      19027      21         198.27     9.44       1          0         
182        29294      19294      267        684.61     2.56       1          0         
183        29519      19519      225        1200.09    5.33       1          0         
184        29545      19545      26         241.59     9.29       1          0         
185        30045      20045      500        577.31     1.15       0          0         
186        30185      20185      140        528.78     3.78       1          0         
187        30579      20579      394        1083.50    2.75       1          0         
188        30665      20665      86         602.96     7.01       1          0         
189        30782      20782      117        249.39     2.13       1          0         
190        30839      20839      57         475.57     8.34       1          0         
191        31339      21339      500        681.62     1.36       0          0         
192        31676      21676      337        1961.29    5.82       0          1         
193        31896      21896      220        1049.23    4.77       1          0         
194        32038      22038      142        560.53     3.95       1          0         
195        32161      22161      123        387.20     3.15       1          0         
196        32514      22514      353        289.96     0.82       1          0         
197        32572      22572      58         201.38     3.47       1          0         
198        32599      22599      27         199.49     7.39       1          0         
199        32925      22925      326        2336.82    7.17       0          1         
200        33275      23275      350        2140.84    6.12       0          1         
201        33537      23537      262        -372.99    -1.42      1          0         
202        33802      23802      265        1966.80    7.42       0          1         
203        34302      24302      500        2081.28    4.16       0          0         
204        34532      24532      230        1033.41    4.49       0          1         
205        35032      25032      500        2330.23    4.66       0          0         
206        35532      25532      500        361.98     0.72       0          0         
207        36032      26032      500        -287.96    -0.58      0          0         
208        36057      26057      25         281.25     11.25      1          0         
209        36348      26348      291        1416.37    4.87       0          1         
210        36446      26446      98         -110.32    -1.13      1          0         
211        36530      26530      84         439.31     5.23       0          1         
212        36703      26703      173        -505.55    -2.92      1          0         
213        36821      26821      118        1079.26    9.15       1          0         
214        36956      26956      135        819.21     6.07       0          1         
215        37248      27248      292        1462.60    5.01       0          1         
216        37380      27380      132        593.06     4.49       0          1         
217        37531      27531      151        1161.37    7.69       1          0         
218        37616      27616      85         510.90     6.01       1          0         
219        37933      27933      317        1417.11    4.47       0          1         
220        38433      28433      500        1599.01    3.20       0          0         
221        38667      28667      234        2007.39    8.58       0          1         
222        39167      29167      500        1305.56    2.61       0          0         
223        39293      29293      126        261.40     2.07       1          0         
224        39320      29320      27         297.85     11.03      0          1         
225        39596      29596      276        2020.03    7.32       0          1         
226        39623      29623      27         -125.38    -4.64      1          0         
227        39780      29780      157        325.93     2.08       1          0         
228        39817      29817      37         -142.04    -3.84      1          0         
229        40317      30317      500        631.57     1.26       0          0         
230        40495      30495      178        1381.08    7.76       0          1         
231        40995      30995      500        -763.04    -1.53      0          0         
232        41025      31025      30         274.52     9.15       1          0         
233        41525      31525      500        8.36       0.02       0          0         
234        42025      32025      500        -4.99      -0.01      0          0         
235        42127      32127      102        434.37     4.26       1          0         
236        42182      32182      55         392.01     7.13       1          0         
237        42682      32682      500        79.10      0.16       0          0         
238        43182      33182      500        96.76      0.19       0          0         
239        43404      33404      222        875.16     3.94       0          1         
240        43657      33657      253        1570.25    6.21       0          1         
241        43897      33897      240        478.15     1.99       1          0         
242        44397      34397      500        -848.47    -1.70      0          0         
243        44897      34897      500        718.32     1.44       0          0         
244        45397      35397      500        -66.17     -0.13      0          0         
245        45421      35421      24         280.29     11.68      1          0         
246        45441      35441      20         295.22     14.76      1          0         
247        45611      35611      170        1204.83    7.09       0          1         
248        46111      36111      500        -128.56    -0.26      0          0         
249        46611      36611      500        1218.95    2.44       0          0         
250        47111      37111      500        615.80     1.23       0          0         
251        47611      37611      500        326.86     0.65       0          0         
252        47855      37855      244        999.41     4.10       0          1         
253        48355      38355      500        420.43     0.84       0          0         
254        48855      38855      500        -180.69    -0.36      0          0         
255        48856      38856      1          120.00     120.00     0          1         
256        49030      39030      174        357.82     2.06       1          0         
257        49287      39287      257        1610.76    6.27       0          1         
258        49787      39787      500        -252.19    -0.50      0          0         
259        50287      40287      500        -243.01    -0.49      0          0         
260        50664      40664      377        -591.93    -1.57      1          0         
261        51023      41023      359        48.36      0.13       1          0         
262        51523      41523      500        -288.47    -0.58      0          0         
263        52023      42023      500        375.10     0.75       0          0         
264        52523      42523      500        495.75     0.99       0          0         
265        53023      43023      500        21.89      0.04       0          0         
266        53523      43523      500        150.88     0.30       0          0         
267        53620      43620      97         145.92     1.50       1          0         
268        53726      43726      106        91.00      0.86       1          0         
269        53764      43764      38         284.17     7.48       1          0         
270        53918      43918      154        273.69     1.78       1          0         
271        54117      44117      199        662.08     3.33       0          1         
272        54617      44617      500        959.59     1.92       0          0         
273        54777      44777      160        1055.31    6.60       0          1         
274        54867      44867      90         383.04     4.26       1          0         
275        54893      44893      26         250.93     9.65       1          0         
276        55126      45126      233        1049.33    4.50       0          1         
277        55626      45626      500        1854.83    3.71       0          0         
278        55789      45789      163        337.85     2.07       1          0         
279        55874      45874      85         442.71     5.21       1          0         
280        56374      46374      500        -10.13     -0.02      0          0         
281        56461      46461      87         472.38     5.43       1          0         
282        56961      46961      500        475.90     0.95       0          0         
283        57212      47212      251        1367.91    5.45       1          0         
284        57712      47712      500        617.05     1.23       0          0         
285        57917      47917      205        1430.10    6.98       0          1         
286        58417      48417      500        630.64     1.26       0          0         
287        58451      48451      34         412.24     12.12      1          0         
288        58951      48951      500        157.90     0.32       0          0         
289        59451      49451      500        -61.02     -0.12      0          0         
290        59908      49908      457        286.72     0.63       0          1         
291        60008      50008      100        1388.48    13.88      0          1         
292        60020      50020      12         39.55      3.30       1          0         
293        60520      50520      500        -322.47    -0.64      0          0         
294        61020      51020      500        1523.61    3.05       0          0         
295        61314      51314      294        1394.30    4.74       0          1         
296        61814      51814      500        1594.33    3.19       0          0         
297        62309      52309      495        1692.96    3.42       0          1         
298        62809      52809      500        -431.64    -0.86      0          0         
299        63113      53113      304        1152.05    3.79       0          1         
300        63613      53613      500        25.66      0.05       0          0         
301        63810      53810      197        1239.27    6.29       0          1         
302        64310      54310      500        308.82     0.62       0          0         
303        64810      54810      500        981.38     1.96       0          0         
304        65033      55033      223        910.23     4.08       0          1         
305        65533      55533      500        267.94     0.54       0          0         
306        65713      55713      180        1576.07    8.76       0          1         
307        66213      56213      500        1311.18    2.62       0          0         
308        66713      56713      500        625.68     1.25       0          0         
309        67213      57213      500        195.00     0.39       0          0         
310        67713      57713      500        380.03     0.76       0          0         
311        68213      58213      500        11.65      0.02       0          0         
312        68370      58370      157        1755.11    11.18      0          1         
313        68610      58610      240        749.92     3.12       1          0         
314        69110      59110      500        265.91     0.53       0          0         
315        69610      59610      500        423.04     0.85       0          0         
316        70110      60110      500        1206.68    2.41       0          0         
317        70610      60610      500        615.77     1.23       0          0         
318        70931      60931      321        1127.55    3.51       1          0         
319        71431      61431      500        168.10     0.34       0          0         
320        71847      61847      416        -149.08    -0.36      1          0         
321        72083      62083      236        481.96     2.04       1          0         
322        72583      62583      500        453.30     0.91       0          0         
323        73083      63083      500        222.94     0.45       0          0         
324        73157      63157      74         1223.59    16.53      0          1         
325        73657      63657      500        1680.47    3.36       0          0         
326        74157      64157      500        608.03     1.22       0          0         
327        74657      64657      500        641.46     1.28       0          0         
328        75157      65157      500        -78.74     -0.16      0          0         
329        75657      65657      500        389.04     0.78       0          0         
330        76157      66157      500        1351.62    2.70       0          0         
331        76657      66657      500        1114.66    2.23       0          0         
332        77157      67157      500        787.33     1.57       0          0         
333        77522      67522      365        -48.34     -0.13      1          0         
334        78022      68022      500        -863.07    -1.73      0          0         
335        78326      68326      304        1067.60    3.51       0          1         
336        78343      68343      17         420.23     24.72      0          1         
337        78843      68843      500        -663.93    -1.33      0          0         
338        79343      69343      500        -1118.68   -2.24      0          0         
339        79575      69575      232        -1199.37   -5.17      1          0         
340        79998      69998      423        -315.37    -0.75      1          0         
341        80498      70498      500        37.52      0.08       0          0         
342        80998      70998      500        106.21     0.21       0          0         
343        81498      71498      500        694.09     1.39       0          0         
344        81576      71576      78         651.56     8.35       0          1         
345        82076      72076      500        338.98     0.68       0          0         
346        82576      72576      500        884.77     1.77       0          0         
347        83075      73075      499        901.07     1.81       0          1         
348        83094      73094      19         -134.57    -7.08      1          0         
349        83594      73594      500        -130.80    -0.26      0          0         
350        83906      73906      312        -1528.23   -4.90      1          0         
351        84406      74406      500        -383.61    -0.77      0          0         
352        84499      74499      93         1709.09    18.38      0          1         
353        84617      74617      118        579.22     4.91       1          0         
354        85117      75117      500        -627.32    -1.25      0          0         
355        85617      75617      500        -391.02    -0.78      0          0         
356        86117      76117      500        323.14     0.65       0          0         
357        86617      76617      500        108.55     0.22       0          0         
358        86981      76981      364        -935.83    -2.57      1          0         
359        87316      77316      335        -1470.53   -4.39      1          0         
360        87569      77569      253        -437.61    -1.73      1          0         
361        87753      77753      184        -87.47     -0.48      1          0         
362        88207      78207      454        -1260.54   -2.78      1          0         
363        88687      78687      480        211.37     0.44       1          0         
364        89081      79081      394        -1692.18   -4.29      1          0         
365        89581      79581      500        -272.61    -0.55      0          0         
366        90081      80081      500        -22.04     -0.04      0          0         
367        90581      80581      500        -774.19    -1.55      0          0         
368        91081      81081      500        -452.77    -0.91      0          0         
369        91409      81409      328        -669.39    -2.04      1          0         
370        91548      81548      139        1956.94    14.08      0          1         
371        91765      81765      217        -1083.20   -4.99      1          0         
372        92265      82265      500        -130.92    -0.26      0          0         
373        92682      82682      417        -919.58    -2.21      1          0         
374        93182      83182      500        -251.89    -0.50      0          0         
375        93254      83254      72         1377.49    19.13      0          1         
376        93754      83754      500        -683.39    -1.37      0          0         
377        93865      83865      111        582.72     5.25       1          0         
378        94365      84365      500        -514.94    -1.03      0          0         
379        94707      84707      342        -682.68    -2.00      1          0         
380        94785      84785      78         1546.92    19.83      0          1         
381        95285      85285      500        317.51     0.64       0          0         
382        95311      85311      26         488.69     18.80      0          1         
383        95811      85811      500        -606.33    -1.21      0          0         
384        95932      85932      121        600.21     4.96       1          0         
385        96432      86432      500        469.34     0.94       0          0         
386        96932      86932      500        -335.68    -0.67      0          0         
387        97094      87094      162        427.43     2.64       0          1         
388        97594      87594      500        -297.44    -0.59      0          0         
389        98094      88094      500        1300.99    2.60       0          0         
390        98395      88395      301        -822.20    -2.73      1          0         
391        98604      88604      209        -789.70    -3.78      1          0         
392        99104      89104      500        691.77     1.38       0          0         
393        99604      89604      500        551.30     1.10       0          0         
394        100104     90104      500        -1545.64   -3.09      0          0         
395        100604     90604      500        288.54     0.58       0          0         
396        100715     90715      111        1897.67    17.10      0          1         
397        101215     91215      500        -829.00    -1.66      0          0         
398        101715     91715      500        -91.36     -0.18      0          0         
399        102215     92215      500        -183.99    -0.37      0          0         
400        102466     92466      251        -844.84    -3.37      1          0         
401        102521     92521      55         1266.91    23.03      0          1         
402        103021     93021      500        528.71     1.06       0          0         
403        103521     93521      500        243.69     0.49       0          0         
404        103857     93857      336        -673.61    -2.00      1          0         
405        103985     93985      128        1866.52    14.58      0          1         
406        104485     94485      500        22.46      0.04       0          0         
407        104985     94985      500        -1220.08   -2.44      0          0         
408        105055     95055      70         1317.91    18.83      0          1         
409        105555     95555      500        1815.02    3.63       0          0         
410        106055     96055      500        -795.65    -1.59      0          0         
411        106270     96270      215        -56.59     -0.26      1          0         
412        106480     96480      210        871.71     4.15       0          1         
413        106980     96980      500        -870.89    -1.74      0          0         
414        107480     97480      500        -426.80    -0.85      0          0         
415        107980     97980      500        -299.02    -0.60      0          0         
416        108480     98480      500        -262.01    -0.52      0          0         
417        108980     98980      500        -278.54    -0.56      0          0         
418        109480     99480      500        336.79     0.67       0          0         
419        109589     99589      109        1929.07    17.70      0          1         
420        109741     99741      152        3043.61    20.02      0          1         
421        110241     100241     500        -753.87    -1.51      0          0         
422        110741     100741     500        -133.77    -0.27      0          0         
423        111241     101241     500        -28.10     -0.06      0          0         
424        111304     101304     63         1279.85    20.32      0          1         
425        111804     101804     500        -663.15    -1.33      0          0         
426        112304     102304     500        -53.90     -0.11      0          0         
427        112804     102804     500        1695.95    3.39       0          0         
428        113304     103304     500        -942.29    -1.88      0          0         
429        113804     103804     500        -103.14    -0.21      0          0         
430        114304     104304     500        -28.85     -0.06      0          0         
431        114804     104804     500        -217.20    -0.43      0          0         
432        115304     105304     500        -1079.80   -2.16      0          0         
433        115422     105422     118        1290.68    10.94      0          1         
434        115922     105922     500        -576.51    -1.15      0          0         
435        116422     106422     500        1122.10    2.24       0          0         
436        116922     106922     500        -258.16    -0.52      0          0         
437        117287     107287     365        668.78     1.83       0          1         
438        117787     107787     500        -170.81    -0.34      0          0         
439        118287     108287     500        -391.47    -0.78      0          0         
440        118787     108787     500        -257.56    -0.52      0          0         
441        119287     109287     500        -472.67    -0.95      0          0         
442        119787     109787     500        121.88     0.24       0          0         
443        119983     109983     196        99.58      0.51       0          1         
444        120483     110483     500        125.10     0.25       0          0         
445        120760     110760     277        1061.45    3.83       0          1         
446        121260     111260     500        -60.50     -0.12      0          0         
447        121299     111299     39         784.41     20.11      0          1         
448        121359     111359     60         1242.22    20.70      0          1         
449        121859     111859     500        -225.48    -0.45      0          0         
450        122240     112240     381        131.31     0.34       0          1         
451        122306     112306     66         1314.37    19.91      0          1         
452        122359     112359     53         31.37      0.59       1          0         
453        122379     112379     20         392.84     19.64      0          1         
454        122879     112879     500        108.09     0.22       0          0         
455        122929     112929     50         593.94     11.88      0          1         
456        123429     113429     500        -624.14    -1.25      0          0         
457        123929     113929     500        -1017.27   -2.03      0          0         
458        123974     113974     45         419.08     9.31       0          1         
459        124474     114474     500        573.48     1.15       0          0         
460        124531     114531     57         960.81     16.86      0          1         
461        125031     115031     500        -52.02     -0.10      0          0         
462        125531     115531     500        328.08     0.66       0          0         
463        126031     116031     500        68.17      0.14       0          0         
464        126531     116531     500        380.61     0.76       0          0         
465        127031     117031     500        915.44     1.83       0          0         
466        127143     117143     112        1003.57    8.96       0          1         
467        127154     117154     11         -215.95    -19.63     1          0         
468        127321     117321     167        1618.73    9.69       0          1         
469        127821     117821     500        2644.35    5.29       0          0         
470        128034     118034     213        1536.25    7.21       0          1         
471        128534     118534     500        -731.14    -1.46      0          0         
472        128629     118629     95         1921.77    20.23      0          1         
473        128824     118824     195        2851.04    14.62      0          1         
474        129324     119324     500        1304.00    2.61       0          0         
475        129824     119824     500        -386.98    -0.77      0          0         
476        130000     120000     176        1347.66    7.66       0          1         
477        130500     120500     500        -504.96    -1.01      0          0         
478        130562     120562     62         1207.73    19.48      0          1         
479        131062     121062     500        1452.31    2.90       0          0         
480        131562     121562     500        816.25     1.63       0          0         
481        132062     122062     500        754.07     1.51       0          0         
482        132228     122228     166        1000.21    6.03       0          1         
483        132724     122724     496        596.75     1.20       0          1         
484        133224     123224     500        -410.78    -0.82      0          0         
485        133724     123724     500        943.24     1.89       0          0         
486        133786     123786     62         1290.84    20.82      0          1         
487        134286     124286     500        -865.68    -1.73      0          0         
488        134351     124351     65         1404.32    21.60      0          1         
489        134851     124851     500        -526.53    -1.05      0          0         
490        134896     124896     45         354.79     7.88       0          1         
491        135029     125029     133        2210.84    16.62      0          1         
492        135529     125529     500        -624.20    -1.25      0          0         
493        135650     125650     121        2308.94    19.08      0          1         
494        136150     126150     500        1165.46    2.33       0          0         
495        136215     126215     65         1013.42    15.59      0          1         
496        136278     126278     63         1457.82    23.14      0          1         
497        136396     126396     118        2362.45    20.02      0          1         
498        136896     126896     500        887.43     1.77       0          0         
499        136953     126953     57         1138.40    19.97      0          1         
500        137453     127453     500        120.81     0.24       0          0         
501        137953     127953     500        -1046.66   -2.09      0          0         
502        138453     128453     500        -1337.79   -2.68      0          0         
503        138507     128507     54         806.24     14.93      0          1         
504        138551     128551     44         -55.79     -1.27      1          0         
505        139051     129051     500        -626.97    -1.25      0          0         
506        139551     129551     500        -116.07    -0.23      0          0         
507        140051     130051     500        976.93     1.95       0          0         
508        140146     130146     95         1631.51    17.17      0          1         
509        140259     130259     113        2255.15    19.96      0          1         
510        140373     130373     114        754.23     6.62       1          0         
511        140512     130512     139        331.72     2.39       1          0         
512        140583     130583     71         387.10     5.45       1          0         
513        140838     130838     255        746.79     2.93       1          1         
514        140918     130918     80         1807.72    22.60      0          1         
515        141418     131418     500        -686.65    -1.37      0          0         
516        141513     131513     95         2038.80    21.46      0          1         
517        141699     131699     186        3427.60    18.43      0          1         
518        142199     132199     500        -1296.79   -2.59      0          0         
519        142279     132279     80         839.74     10.50      1          0         
520        142349     132349     70         1667.99    23.83      0          1         
521        142581     132581     232        2927.23    12.62      0          1         
522        142968     132968     387        2857.82    7.38       0          1         
523        143012     133012     44         -94.26     -2.14      1          0         
524        143084     133084     72         965.31     13.41      0          1         
525        143212     133212     128        2352.22    18.38      0          1         
526        143420     133420     208        3278.48    15.76      0          1         
527        143569     133569     149        3207.25    21.53      0          1         
528        143601     133601     32         518.57     16.21      0          1         
529        143658     133658     57         -347.33    -6.09      1          0         
530        143731     133731     73         1584.96    21.71      0          1         
531        143809     133809     78         -98.33     -1.26      1          0         
532        143899     133899     90         632.48     7.03       1          0         
533        144005     134005     106        2028.72    19.14      0          1         
534        144092     134092     87         1350.41    15.52      0          1         
535        144592     134592     500        -180.17    -0.36      0          0         
536        145092     135092     500        -1057.40   -2.11      0          0         
537        145592     135592     500        -95.41     -0.19      0          0         
538        145704     135704     112        605.98     5.41       1          0         
539        145780     135780     76         1379.25    18.15      0          1         
540        146280     136280     500        -328.65    -0.66      0          0         
541        146359     136359     79         703.96     8.91       0          1         
542        146402     136402     43         71.44      1.66       1          0         
543        146491     136491     89         1764.35    19.82      0          1         
544        146741     136741     250        2774.13    11.10      0          1         
545        146840     136840     99         1617.19    16.34      0          1         
546        146901     136901     61         365.10     5.99       1          0         
547        147009     137009     108        1984.78    18.38      0          1         
548        147509     137509     500        -743.59    -1.49      0          0         
549        147840     137840     331        -1123.00   -3.39      1          0         
550        148340     138340     500        -917.92    -1.84      0          0         
551        148383     138383     43         923.55     21.48      0          1         
552        148623     138623     240        1811.20    7.55       0          1         
553        148686     138686     63         -27.99     -0.44      1          0         
554        148726     138726     40         838.26     20.96      0          1         
555        148788     138788     62         598.04     9.65       0          1         
556        148898     138898     110        1674.56    15.22      0          1         
557        149100     139100     202        1666.54    8.25       1          0         
558        149600     139600     500        -131.70    -0.26      0          0         
559        149673     139673     73         1650.63    22.61      0          1         
560        150173     140173     500        -743.39    -1.49      0          0         
561        150329     140329     156        2364.01    15.15      0          1         
562        150402     140402     73         788.86     10.81      0          1         
563        150902     140902     500        96.48      0.19       0          0         
564        151026     141026     124        2357.00    19.01      0          1         
565        151115     141115     89         1444.14    16.23      0          1         
566        151185     141185     70         1499.55    21.42      0          1         
567        151289     141289     104        2134.82    20.53      0          1         
568        151434     141434     145        2874.39    19.82      0          1         
569        151511     141511     77         828.16     10.76      0          1         
570        151690     141690     179        2032.74    11.36      0          1         
571        151735     141735     45         991.84     22.04      0          1         
572        151852     141852     117        2020.35    17.27      0          1         
573        152352     142352     500        -784.95    -1.57      0          0         
574        152449     142449     97         883.87     9.11       1          1         
575        152949     142949     500        -286.49    -0.57      0          0         
576        153242     143242     293        463.70     1.58       0          1         
577        153263     143263     21         340.37     16.21      0          1         
578        153331     143331     68         359.53     5.29       1          0         
579        153437     143437     106        2122.44    20.02      0          1         
580        153631     143631     194        2986.40    15.39      0          1         
581        154131     144131     500        -265.73    -0.53      0          0         
582        154631     144631     500        -399.80    -0.80      0          0         
583        154727     144727     96         1943.55    20.25      0          1         
584        155227     145227     500        1976.28    3.95       0          0         
585        155305     145305     78         1505.31    19.30      0          1         
586        155805     145805     500        -488.65    -0.98      0          0         
587        155878     145878     73         1362.70    18.67      0          1         
588        156378     146378     500        1425.53    2.85       0          0         
589        156414     146414     36         748.58     20.79      0          1         
590        156539     146539     125        2353.08    18.82      0          1         
591        156676     146676     137        2167.11    15.82      0          1         
592        156799     146799     123        2739.51    22.27      0          1         
593        156877     146877     78         1721.13    22.07      0          1         
594        156908     146908     31         814.86     26.29      0          1         
595        157039     147039     131        2821.08    21.53      0          1         
596        157173     147173     134        -242.21    -1.81      1          0         
597        157308     147308     135        2276.88    16.87      0          1         
598        157348     147348     40         806.19     20.15      0          1         
599        157848     147848     500        -136.38    -0.27      0          0         
600        158092     148092     244        2035.77    8.34       0          1         
601        158187     148187     95         783.21     8.24       0          1         
602        158280     148280     93         774.96     8.33       0          1         
603        158415     148415     135        2887.66    21.39      0          1         
604        158596     148596     181        1424.01    7.87       0          1         
605        158654     148654     58         1078.40    18.59      0          1         
606        158727     148727     73         1696.77    23.24      0          1         
607        158793     148793     66         840.05     12.73      0          1         
608        159293     149293     500        176.00     0.35       0          0         
609        159349     149349     56         1158.36    20.68      0          1         
610        159529     149529     180        2923.98    16.24      0          1         
611        159731     149731     202        3381.65    16.74      0          1         
612        159927     149927     196        3408.81    17.39      0          1         
613        159980     149980     53         1231.44    23.23      0          1         
614        160480     150480     500        -1661.37   -3.32      0          0         
615        160529     150529     49         1173.47    23.95      0          1         
616        160666     150666     137        2376.66    17.35      0          1         
617        161166     151166     500        -357.09    -0.71      0          0         
618        161244     151244     78         1775.63    22.76      0          1         
619        161272     151272     28         636.70     22.74      0          1         
620        161428     151428     156        2055.37    13.18      0          1         
621        161928     151928     500        237.04     0.47       0          0         
622        162428     152428     500        -1260.31   -2.52      0          0         
623        162928     152928     500        1406.24    2.81       0          0         
624        163047     153047     119        1715.85    14.42      0          1         
625        163547     153547     500        -727.00    -1.45      0          0         
626        163621     153621     74         1565.25    21.15      0          1         
627        163687     153687     66         837.33     12.69      0          1         
628        163928     153928     241        2007.92    8.33       0          1         
629        164083     154083     155        2646.55    17.07      0          1         
630        164145     154145     62         1370.60    22.11      0          1         
631        164645     154645     500        717.60     1.44       0          0         
632        164693     154693     48         1141.68    23.79      0          1         
633        165193     155193     500        424.98     0.85       0          0         
634        165258     155258     65         1382.97    21.28      0          1         
635        165338     155338     80         1753.05    21.91      0          1         
636        165838     155838     500        1554.23    3.11       0          0         
637        166338     156338     500        -613.37    -1.23      0          0         
638        166429     156429     91         2098.56    23.06      0          1         
639        166583     156583     154        2506.04    16.27      0          1         
640        166678     156678     95         2136.64    22.49      0          1         
641        167178     157178     500        -730.20    -1.46      0          0         
642        167213     157213     35         702.14     20.06      0          1         
643        167363     157363     150        1438.60    9.59       0          1         
644        167460     157460     97         1164.15    12.00      0          1         
645        167960     157960     500        2258.89    4.52       0          0         
646        168007     158007     47         518.95     11.04      0          1         
647        168507     158507     500        -213.92    -0.43      0          0         
648        169007     159007     500        -232.54    -0.47      0          0         
649        169471     159471     464        1378.02    2.97       0          1         
650        169532     159532     61         327.38     5.37       0          1         
651        169645     159645     113        1887.83    16.71      1          0         
652        169742     159742     97         1789.22    18.45      0          1         
653        169806     159806     64         1179.29    18.43      0          1         
654        170306     160306     500        932.33     1.86       0          0         
655        170493     160493     187        1597.82    8.54       0          1         
656        170720     160720     227        3381.80    14.90      0          1         
657        170779     160779     59         877.70     14.88      0          1         
658        171279     161279     500        -257.05    -0.51      0          0         
659        171357     161357     78         1619.72    20.77      0          1         
660        171396     161396     39         855.79     21.94      0          1         
661        171896     161896     500        1173.63    2.35       0          0         
662        171966     161966     70         1149.49    16.42      0          1         
663        172466     162466     500        -895.64    -1.79      0          0         
664        172966     162966     500        228.67     0.46       0          0         
665        173065     163065     99         934.03     9.43       0          1         
666        173080     163080     15         -66.42     -4.43      1          0         
667        173166     163166     86         1551.90    18.05      0          1         
668        173254     163254     88         1842.73    20.94      0          1         
669        173432     163432     178        1404.79    7.89       0          1         
670        173932     163932     500        -190.96    -0.38      0          0         
671        174432     164432     500        -224.59    -0.45      0          0         
672        174469     164469     37         941.00     25.43      0          1         
673        174500     164500     31         737.93     23.80      0          1         
674        174619     164619     119        2385.07    20.04      0          1         
675        174722     164722     103        1899.34    18.44      0          1         
676        174859     164859     137        1985.41    14.49      0          1         
677        175359     165359     500        849.84     1.70       0          0         
678        175859     165859     500        1185.78    2.37       0          0         
679        175896     165896     37         737.19     19.92      0          1         
680        176117     166117     221        2298.26    10.40      0          1         
681        176286     166286     169        2373.19    14.04      0          1         
682        176786     166786     500        2205.32    4.41       0          0         
683        177286     167286     500        226.52     0.45       0          0         
684        177365     167365     79         1718.25    21.75      0          1         
685        177485     167485     120        2513.45    20.95      0          1         
686        177569     167569     84         1163.29    13.85      0          1         
687        177684     167684     115        2533.61    22.03      0          1         
688        178016     168016     332        396.93     1.20       0          1         
689        178124     168124     108        1866.28    17.28      0          1         
690        178176     168176     52         667.13     12.83      0          1         
691        178271     168271     95         1979.34    20.84      0          1         
692        178771     168771     500        -318.65    -0.64      0          0         
693        178799     168799     28         522.09     18.65      0          1         
694        178854     168854     55         925.93     16.84      0          1         
695        178908     168908     54         919.53     17.03      0          1         
696        179037     169037     129        2648.08    20.53      0          1         
697        179144     169144     107        2383.80    22.28      0          1         
698        179235     169235     91         1893.20    20.80      0          1         
699        179269     169269     34         -212.89    -6.26      1          0         
700        179346     169346     77         1870.54    24.29      0          1         
701        179846     169846     500        1551.92    3.10       0          0         
702        179996     169996     150        1459.82    9.73       0          1         
703        180124     170124     128        2982.33    23.30      0          1         
704        180272     170272     148        3512.80    23.74      0          1         
705        180431     170431     159        3135.45    19.72      0          1         
706        180931     170931     500        711.82     1.42       0          0         
707        181047     171047     116        2048.47    17.66      0          1         
708        181100     171100     53         51.58      0.97       1          0         
709        181210     171210     110        2006.91    18.24      0          1         
710        181364     171364     154        2431.11    15.79      0          1         
711        181393     171393     29         574.14     19.80      0          1         
712        181463     171463     70         1465.81    20.94      0          1         
713        181530     171530     67         1466.10    21.88      0          1         
714        181611     171611     81         916.26     11.31      1          0         
715        181686     171686     75         1399.07    18.65      0          1         
716        181891     171891     205        -1314.04   -6.41      1          0         
717        181959     171959     68         1560.55    22.95      0          1         
718        182055     172055     96         2064.68    21.51      0          1         
719        182109     172109     54         857.48     15.88      0          1         
720        182609     172609     500        1168.35    2.34       0          0         
721        183109     173109     500        198.06     0.40       0          0         
722        183192     173192     83         1473.62    17.75      0          1         
723        183262     173262     70         817.44     11.68      0          1         
724        183762     173762     500        -437.21    -0.87      0          0         
725        184171     174171     409        1710.77    4.18       0          1         
726        184221     174221     50         230.97     4.62       1          0         
727        184337     174337     116        2090.58    18.02      0          1         
728        184510     174510     173        3466.35    20.04      0          1         
729        185010     175010     500        2393.09    4.79       0          0         
730        185158     175158     148        1574.96    10.64      0          1         
731        185256     175256     98         2178.34    22.23      0          1         
732        185756     175756     500        -1194.65   -2.39      0          0         
733        186256     176256     500        -462.98    -0.93      0          0         
734        186311     176311     55         812.67     14.78      0          1         
735        186811     176811     500        1837.61    3.68       0          0         
736        186941     176941     130        1969.51    15.15      0          1         
737        187441     177441     500        747.68     1.50       0          0         
738        187472     177472     31         516.49     16.66      0          1         
739        187619     177619     147        1175.95    8.00       0          1         
740        188119     178119     500        1093.35    2.19       0          0         
741        188215     178215     96         1589.60    16.56      0          1         
742        188270     178270     55         -230.93    -4.20      1          0         
743        188338     178338     68         881.85     12.97      0          1         
744        188838     178838     500        1876.69    3.75       0          0         
745        189338     179338     500        -98.62     -0.20      0          0         
746        189527     179527     189        1910.98    10.11      0          1         
747        190027     180027     500        1044.85    2.09       0          0         
748        190527     180527     500        1111.94    2.22       0          0         
749        190630     180630     103        1973.02    19.16      0          1         
750        190806     180806     176        3961.96    22.51      0          1         
751        190936     180936     130        2898.05    22.29      0          1         
752        191436     181436     500        2454.68    4.91       0          0         
753        191504     181504     68         1263.83    18.59      0          1         
754        192004     182004     500        2465.46    4.93       0          0         
755        192504     182504     500        -370.43    -0.74      0          0         
756        193004     183004     500        1686.60    3.37       0          0         
757        193504     183504     500        1244.13    2.49       0          0         
758        193563     183563     59         1500.91    25.44      0          1         
759        193688     183688     125        2605.19    20.84      0          1         
760        193739     183739     51         842.07     16.51      0          1         
761        193762     183762     23         548.11     23.83      0          1         
762        193909     183909     147        1839.78    12.52      0          1         
763        194005     184005     96         1567.13    16.32      0          1         
764        194040     184040     35         261.59     7.47       0          1         
765        194302     184302     262        1770.64    6.76       0          1         
766        194413     184413     111        2217.02    19.97      0          1         
767        194575     184575     162        3307.56    20.42      0          1         
768        195075     185075     500        -784.29    -1.57      0          0         
769        195154     185154     79         1200.35    15.19      0          1         
770        195259     185259     105        1927.23    18.35      0          1         
771        195759     185759     500        618.81     1.24       0          0         
772        195851     185851     92         1876.69    20.40      0          1         
773        196351     186351     500        -701.68    -1.40      0          0         
774        196851     186851     500        -398.51    -0.80      0          0         
775        196933     186933     82         1694.12    20.66      0          1         
776        197433     187433     500        -53.70     -0.11      0          0         
777        197500     187500     67         1738.24    25.94      0          1         
778        197534     187534     34         -101.07    -2.97      1          0         
779        198034     188034     500        1173.20    2.35       0          0         
780        198076     188076     42         343.73     8.18       0          1         
781        198191     188191     115        1737.05    15.10      0          1         
782        198233     188233     42         905.45     21.56      0          1         
783        198733     188733     500        2241.15    4.48       0          0         
784        198774     188774     41         903.37     22.03      0          1         
785        199274     189274     500        -459.32    -0.92      0          0         
786        199774     189774     500        1361.29    2.72       0          0         
787        199807     189807     33         844.82     25.60      0          1         
788        200307     190307     500        184.99     0.37       0          0         
789        200364     190364     57         706.01     12.39      0          1         
790        200864     190864     500        -920.16    -1.84      0          0         
791        200917     190917     53         697.07     13.15      0          1         
792        200919     190919     2          121.93     60.96      0          1         
793        201419     191419     500        -735.26    -1.47      0          0         
794        201919     191919     500        83.02      0.17       0          0         
795        202007     192007     88         1434.80    16.30      0          1         
796        202231     192231     224        1514.55    6.76       1          0         
797        202731     192731     500        -628.31    -1.26      0          0         
798        203231     193231     500        1611.05    3.22       0          0         
799        203731     193731     500        1232.69    2.47       0          0         
800        204231     194231     500        1692.12    3.38       0          0         
801        204330     194330     99         1720.24    17.38      0          1         
802        204432     194432     102        1629.62    15.98      0          1         
803        204462     194462     30         126.78     4.23       0          1         
804        204564     194564     102        1718.83    16.85      0          1         
805        204637     194637     73         1967.49    26.95      0          1         
806        204762     194762     125        2781.24    22.25      0          1         
807        204926     194926     164        2446.23    14.92      0          1         
808        205426     195426     500        2586.76    5.17       0          0         
809        205477     195477     51         996.97     19.55      0          1         
810        205977     195977     500        895.58     1.79       0          0         
811        206477     196477     500        1424.67    2.85       0          0         
812        206492     196492     15         229.54     15.30      0          1         
813        206541     196541     49         557.27     11.37      0          1         
814        207041     197041     500        1161.31    2.32       0          0         
815        207266     197266     225        1529.58    6.80       0          1         
816        207597     197597     331        12.21      0.04       0          1         
817        208097     198097     500        -1517.73   -3.04      0          0         
818        208160     198160     63         1383.14    21.95      0          1         
819        208211     198211     51         737.22     14.46      0          1         
820        208254     198254     43         1151.00    26.77      0          1         
821        208267     198267     13         382.25     29.40      0          1         
822        208332     198332     65         1095.85    16.86      0          1         
823        208638     198638     306        1506.36    4.92       0          1         
824        208735     198735     97         2096.80    21.62      0          1         
825        209235     199235     500        -612.56    -1.23      0          0         
826        209735     199735     500        -94.29     -0.19      0          0         
827        209784     199784     49         1068.73    21.81      0          1         
828        210284     200284     500        533.21     1.07       0          0         
829        210344     200344     60         1366.08    22.77      0          1         
830        210470     200470     126        1808.98    14.36      0          1         
831        210614     200614     144        3357.54    23.32      0          1         
