1          38         0          38         94.48      2.49       1          0         
2          74         0          36         -306.65    -8.52      1          0         
3          114        0          40         -273.22    -6.83      1          0         
4          260        0          146        -691.80    -4.74      1          0         
5          380        0          120        -1443.15   -12.03     1          0         
6          499        0          119        -1304.96   -10.97     1          0         
7          539        0          40         -452.43    -11.31     1          0         
8          588        0          49         202.45     4.13       1          0         
9          625        0          37         -394.48    -10.66     1          0         
10         657        0          32         55.82      1.74       1          0         
11         832        0          175        -1521.24   -8.69      1          0         
12         872        0          40         -595.98    -14.90     1          0         
13         907        0          35         202.76     5.79       1          0         
14         943        0          36         -97.74     -2.72      1          0         
15         988        0          45         159.78     3.55       1          0         
16         1025       0          37         9.56       0.26       1          0         
17         1268       0          243        -2281.36   -9.39      1          0         
18         1306       0          38         -178.49    -4.70      1          0         
19         1486       0          180        -773.58    -4.30      1          0         
20         1523       0          37         -539.92    -14.59     1          0         
21         1557       0          34         -377.50    -11.10     1          0         
22         1664       0          107        760.85     7.11       1          0         
23         1699       0          35         -530.96    -15.17     1          0         
24         1920       0          221        -1830.42   -8.28      1          0         
25         2165       0          245        776.10     3.17       1          0         
26         2222       0          57         221.03     3.88       1          0         
27         2253       0          31         245.36     7.91       1          0         
28         2295       0          42         204.08     4.86       1          0         
29         2451       0          156        -875.29    -5.61      1          0         
30         2501       0          50         211.91     4.24       1          0         
31         2638       0          137        662.87     4.84       1          0         
32         2673       0          35         -464.30    -13.27     1          0         
33         2857       0          184        -1564.88   -8.50      1          0         
34         2968       0          111        -952.72    -8.58      1          0         
35         3112       0          144        -1520.10   -10.56     1          0         
36         3157       0          45         -17.20     -0.38      1          0         
37         3195       0          38         87.55      2.30       1          0         
38         3232       0          37         121.95     3.30       1          0         
39         3273       0          41         239.38     5.84       1          0         
40         3313       0          40         -540.17    -13.50     1          0         
41         3353       0          40         -67.54     -1.69      1          0         
42         3393       0          40         -198.08    -4.95      1          0         
43         3486       0          93         -748.44    -8.05      1          0         
44         3531       0          45         223.22     4.96       1          0         
45         3566       0          35         -465.52    -13.30     1          0         
46         3732       0          166        -382.57    -2.30      1          0         
47         3769       0          37         -511.40    -13.82     1          0         
48         3812       0          43         -119.14    -2.77      1          0         
49         3850       0          38         -26.55     -0.70      1          0         
50         3979       0          129        970.23     7.52       1          0         
51         4014       0          35         -486.34    -13.90     1          0         
52         4061       0          47         -443.58    -9.44      1          0         
53         4183       0          122        872.33     7.15       1          0         
54         4231       0          48         -425.29    -8.86      1          0         
55         4279       0          31         -3.27      -0.11      1          0         
56         4391       0          112        -1268.26   -11.32     1          0         
57         4436       0          45         -485.35    -10.79     1          0         
58         4554       0          118        -1440.01   -12.20     1          0         
59         4664       0          110        -1268.86   -11.54     1          0         
60         4705       0          41         -553.52    -13.50     1          0         
61         4744       0          39         -528.83    -13.56     1          0         
62         4867       0          123        -1483.07   -12.06     1          0         
63         4896       0          29         -325.51    -11.22     1          0         
64         4936       0          40         -192.91    -4.82      1          0         
65         4967       0          31         -554.27    -17.88     1          0         
66         5008       0          41         -480.86    -11.73     1          0         
67         5053       0          45         284.67     6.33       1          0         
68         5092       0          39         143.70     3.68       1          0         
69         5132       0          40         -348.32    -8.71      1          0         
70         5172       0          40         -540.83    -13.52     1          0         
71         5298       0          126        938.05     7.44       1          0         
72         5427       0          129        -1608.09   -12.47     1          0         
73         5471       0          44         -458.82    -10.43     1          0         
74         5502       0          31         -519.54    -16.76     1          0         
75         5722       0          220        -3062.71   -13.92     1          0         
76         5845       0          123        973.98     7.92       1          0         
77         5883       0          38         205.70     5.41       1          0         
78         6106       0          223        -2585.36   -11.59     1          0         
79         6236       0          130        -1581.78   -12.17     1          0         
80         6277       0          41         -373.84    -9.12      1          0         
81         6314       0          37         -167.95    -4.54      1          0         
82         6345       0          31         -228.91    -7.38      1          0         
83         6383       0          38         200.33     5.27       1          0         
84         6424       0          41         -51.23     -1.25      1          0         
85         6456       0          32         -564.64    -17.65     1          0         
86         6508       0          52         -687.90    -13.23     1          0         
87         6543       0          35         217.89     6.23       1          0         
88         6578       0          35         -102.99    -2.94      1          0         
89         6620       0          42         170.61     4.06       1          0         
90         6651       0          31         -201.39    -6.50      1          0         
91         6686       0          35         -578.95    -16.54     1          0         
92         6917       0          231        545.88     2.36       1          0         
93         6961       0          44         -557.14    -12.66     1          0         
94         7003       0          42         -571.27    -13.60     1          0         
95         7132       0          129        -1039.25   -8.06      1          0         
96         7171       0          39         -570.59    -14.63     1          0         
97         7285       0          114        -692.12    -6.07      1          0         
98         7326       0          41         -519.60    -12.67     1          0         
99         7361       0          35         -44.52     -1.27      1          0         
100        7397       0          36         -333.33    -9.26      1          0         
101        7632       0          235        1143.72    4.87       1          0         
102        7737       0          105        712.56     6.79       1          0         
103        7779       0          42         84.60      2.01       1          0         
104        7823       0          44         197.44     4.49       1          0         
105        7998       0          175        -516.32    -2.95      1          0         
106        8035       0          37         -229.70    -6.21      1          0         
107        8244       0          209        -1318.39   -6.31      1          0         
108        8278       0          34         -564.43    -16.60     1          0         
109        8377       0          99         -1001.76   -10.12     1          0         
110        8480       0          103        -1199.66   -11.65     1          0         
111        8599       0          119        -1475.36   -12.40     1          0         
112        8636       0          36         -138.53    -3.85      1          0         
113        8670       0          34         -546.22    -16.07     1          0         
114        8872       0          202        -2051.58   -10.16     1          0         
115        8907       0          35         -530.56    -15.16     1          0         
116        8949       0          42         -492.79    -11.73     1          0         
117        8988       0          39         -114.82    -2.94      1          0         
118        9025       0          37         -241.82    -6.54      1          0         
119        9260       0          235        -2112.08   -8.99      1          0         
120        9392       0          132        -1342.96   -10.17     1          0         
121        9442       0          50         -506.62    -10.13     1          0         
122        9487       0          45         266.43     5.92       1          0         
123        9526       0          39         -335.32    -8.60      1          0         
124        9560       0          34         -563.36    -16.57     1          0         
125        9596       0          36         -511.28    -14.20     1          0         
126        9637       0          41         -356.58    -8.70      1          0         
127        9667       0          30         -186.73    -6.22      1          0         
128        9710       0          43         -256.83    -5.97      1          0         
129        9744       0          34         204.67     6.02       1          0         
130        9786       0          42         -32.07     -0.76      1          0         
131        9828       0          42         -422.60    -10.06     1          0         
