1          38         0          38         -406.52    -10.70     1          0         
2          74         0          36         -223.66    -6.21      1          0         
3          113        0          39         -473.20    -12.13     1          0         
4          151        0          38         201.59     5.30       1          0         
5          249        0          98         356.54     3.64       1          0         
6          377        0          128        -1384.54   -10.82     1          0         
7          577        0          200        -2319.88   -11.60     1          0         
8          612        0          35         -354.87    -10.14     1          0         
9          721        0          60         346.86     5.78       1          0         
10         757        0          36         6.42       0.18       1          0         
11         796        0          39         -310.54    -7.96      1          0         
12         900        0          104        -638.04    -6.14      1          0         
13         932        0          32         231.86     7.25       1          0         
14         974        0          42         -268.65    -6.40      1          0         
15         1015       0          41         96.53      2.35       1          0         
16         1233       0          218        -3118.02   -14.30     1          0         
17         1271       0          38         -109.03    -2.87      1          0         
18         1311       0          40         144.68     3.62       1          0         
19         1340       0          29         204.79     7.06       1          0         
20         1375       0          35         -37.59     -1.07      1          0         
21         1482       0          107        905.00     8.46       1          0         
22         1523       0          41         -639.16    -15.59     1          0         
23         1557       0          34         62.52      1.84       1          0         
24         1663       0          106        -632.93    -5.97      1          0         
25         1698       0          35         226.95     6.48       1          0         
26         1916       0          154        -1898.51   -12.33     1          0         
27         2031       0          115        629.52     5.47       1          0         
28         2226       0          195        -1424.35   -7.30      1          0         
29         2260       0          34         2.36       0.07       1          0         
30         2297       0          37         -260.17    -7.03      1          0         
31         2437       0          140        -836.92    -5.98      1          0         
32         2478       0          41         -469.73    -11.46     1          0         
33         2618       0          140        -1699.00   -12.14     1          0         
34         2650       0          32         -47.19     -1.47      1          0         
35         2831       0          181        575.28     3.18       1          0         
36         3129       0          141        -1497.17   -10.62     1          0         
37         3164       0          35         -551.18    -15.75     1          0         
38         3202       0          38         159.05     4.19       1          0         
39         3238       0          36         -479.54    -13.32     1          0         
40         3347       0          109        -988.62    -9.07      1          0         
41         3702       0          132        -1631.67   -12.36     1          0         
42         3736       0          34         14.31      0.42       1          0         
43         3793       0          57         -851.09    -14.93     1          0         
44         3909       0          116        -1045.07   -9.01      1          0         
45         3952       0          43         -657.99    -15.30     1          0         
46         4061       0          109        -1272.30   -11.67     1          0         
47         4103       0          42         202.46     4.82       1          0         
48         4137       0          34         -547.70    -16.11     1          0         
49         4354       0          217        -1055.65   -4.86      1          0         
50         4524       0          170        -2406.73   -14.16     1          0         
51         4568       0          44         -551.49    -12.53     1          0         
52         4605       0          37         214.99     5.81       1          0         
53         4851       0          246        -996.65    -4.05      1          0         
54         4879       0          27         112.78     4.18       1          0         
55         4917       0          38         -469.90    -12.37     1          0         
56         4955       0          38         -186.42    -4.91      1          0         
57         5164       0          209        -2836.69   -13.57     1          0         
58         5212       0          48         -512.09    -10.67     1          0         
59         5252       0          40         -153.21    -3.83      1          0         
60         5290       0          38         166.87     4.39       1          0         
61         5596       0          306        -1576.68   -5.15      1          0         
62         5769       0          173        -2192.34   -12.67     1          0         
63         5812       0          43         -615.81    -14.32     1          0         
64         6030       0          218        -1935.50   -8.88      1          0         
65         6140       0          110        12.13      0.11       1          0         
66         6189       0          49         -717.58    -14.64     1          0         
67         6237       0          48         -555.18    -11.57     1          0         
68         6277       0          40         -196.57    -4.91      1          0         
69         6315       0          38         2.66       0.07       1          0         
70         6348       0          33         -606.36    -18.37     1          0         
71         6386       0          38         207.94     5.47       1          0         
72         6430       0          44         -222.23    -5.05      1          0         
73         6464       0          34         -59.79     -1.76      1          0         
74         6520       0          56         -659.41    -11.78     1          0         
75         6657       0          137        -1864.61   -13.61     1          0         
76         6698       0          41         -398.56    -9.72      1          0         
77         6801       0          103        687.20     6.67       1          0         
78         6837       0          36         -649.81    -18.05     1          0         
79         6874       0          37         65.11      1.76       1          0         
80         7098       0          224        -1990.66   -8.89      1          0         
81         7211       0          95         -806.97    -8.49      1          0         
82         7412       0          201        -2792.36   -13.89     1          0         
83         7446       0          34         18.11      0.53       1          0         
84         7561       0          115        -827.02    -7.19      1          0         
85         7598       0          37         -643.76    -17.40     1          0         
86         7639       0          41         -213.29    -5.20      1          0         
87         7674       0          35         46.28      1.32       1          0         
88         7710       0          36         167.25     4.65       1          0         
89         7750       0          40         -314.37    -7.86      1          0         
90         7789       0          39         20.73      0.53       1          0         
91         7907       0          118        -619.69    -5.25      1          0         
92         8021       0          114        -1289.22   -11.31     1          0         
93         8135       0          114        583.16     5.12       1          0         
94         8176       0          41         -578.06    -14.10     1          0         
95         8211       0          35         -587.32    -16.78     1          0         
96         8260       0          49         -611.33    -12.48     1          0         
97         8457       0          197        -477.43    -2.42      1          0         
98         8497       0          40         21.92      0.55       1          0         
99         8609       0          112        -1308.19   -11.68     1          0         
100        8652       0          43         -604.95    -14.07     1          0         
101        8843       0          191        -1809.77   -9.48      1          0         
102        9104       0          261        -3076.91   -11.79     1          0         
103        9136       0          32         -612.63    -19.14     1          0         
104        9372       0          236        -2470.53   -10.47     1          0         
105        9406       0          34         201.55     5.93       1          0         
106        9449       0          43         -567.65    -13.20     1          0         
107        9489       0          40         -185.73    -4.64      1          0         
108        9529       0          40         180.03     4.50       1          0         
109        9558       0          29         103.42     3.57       1          0         
110        9743       0          185        -2475.30   -13.38     1          0         
111        9784       0          41         -359.81    -8.78      1          0         
112        9827       0          43         -541.57    -12.59     1          0         
113        9854       0          27         -519.49    -19.24     1          0         
114        9962       0          108        60.84      0.56       1          0         
