10000      -18927.23  -1.89     
20000      22568.81   2.26      
30000      66689.84   6.67      
40000      52406.46   5.24      
50000      33551.97   3.36      
60000      61443.32   6.14      
70000      59414.14   5.94      
80000      33348.62   3.33      
90000      47965.53   4.80      
100000     38546.06   3.85      
110000     44206.35   4.42      
120000     71538.02   7.15      
130000     53912.40   5.39      
140000     60767.56   6.08      
150000     75970.12   7.60      
160000     97200.07   9.72      
170000     94374.81   9.44      
180000     109134.35  10.91     
190000     128006.89  12.80     
200000     100485.84  10.05     
